##FastQC	0.10.1
>>Basic Statistics	pass
#Measure	Value	
Filename	Acer-079_S47_L001_R1_001.fastq.gz	
File type	Conventional base calls	
Encoding	Sanger / Illumina 1.9	
Total Sequences	8999379	
Filtered Sequences	0	
Sequence length	101	
%GC	44	
>>END_MODULE
>>Per base sequence quality	pass
#Base	Mean	Median	Lower Quartile	Upper Quartile	10th Percentile	90th Percentile
1	36.2519054925901	37.0	37.0	37.0	37.0	37.0
2	36.34050593935426	37.0	37.0	37.0	37.0	37.0
3	36.3096193637361	37.0	37.0	37.0	37.0	37.0
4	36.325814814555535	37.0	37.0	37.0	37.0	37.0
5	36.474900657034226	37.0	37.0	37.0	37.0	37.0
6	36.51757871293119	37.0	37.0	37.0	37.0	37.0
7	36.541830830771765	37.0	37.0	37.0	37.0	37.0
8	36.53337546957407	37.0	37.0	37.0	37.0	37.0
9	36.54465258102809	37.0	37.0	37.0	37.0	37.0
10-14	36.42338423573449	37.0	37.0	37.0	37.0	37.0
15-19	36.342606995438246	37.0	37.0	37.0	37.0	37.0
20-24	36.32958494136095	37.0	37.0	37.0	37.0	37.0
25-29	36.24967871672034	37.0	37.0	37.0	37.0	37.0
30-34	36.21756636763492	37.0	37.0	37.0	37.0	37.0
35-39	36.188809872325635	37.0	37.0	37.0	37.0	37.0
40-44	36.15117456437827	37.0	37.0	37.0	37.0	37.0
45-49	36.115503125271196	37.0	37.0	37.0	37.0	37.0
50-54	36.08946395079038	37.0	37.0	37.0	37.0	37.0
55-59	36.03955495151387	37.0	37.0	37.0	37.0	37.0
60-64	35.98291575452039	37.0	37.0	37.0	37.0	37.0
65-69	35.93071141908791	37.0	37.0	37.0	37.0	37.0
70-74	35.86252393637383	37.0	37.0	37.0	37.0	37.0
75-79	35.82118848422763	37.0	37.0	37.0	37.0	37.0
80-84	35.74961596794624	37.0	37.0	37.0	37.0	37.0
85-89	35.71561919994702	37.0	37.0	37.0	37.0	37.0
90-94	35.64973229819525	37.0	37.0	37.0	37.0	37.0
95-99	35.574658629223194	37.0	37.0	37.0	37.0	37.0
100-101	35.465287993760455	37.0	37.0	37.0	37.0	37.0
>>END_MODULE
>>Per sequence quality scores	pass
#Quality	Count
14	1.0
15	6.0
16	31.0
17	86.0
18	137.0
19	234.0
20	407.0
21	978.0
22	2018.0
23	4311.0
24	8648.0
25	15567.0
26	24474.0
27	36716.0
28	51345.0
29	72530.0
30	96468.0
31	129969.0
32	167798.0
33	231354.0
34	331648.0
35	677179.0
36	5444843.0
37	1702631.0
>>END_MODULE
>>Per base sequence content	fail
#Base	G	A	T	C
1	20.972954550077887	29.448289362536556	25.72267433775348	23.85608174963208
2	29.762981764287762	26.387810871880884	21.351406814974634	22.49780054885672
3	20.19642330499029	12.549969252255297	26.548771790394394	40.704835652360025
4	26.475339220929996	17.43277391275457	35.66644824399394	20.425438622321494
5	47.56372634156201	13.11308258047583	12.690786775398614	26.632404302563543
6	47.57301587142847	6.519672079595715	20.320190982066652	25.587121066909173
7	47.80510381021751	13.527147223328784	18.368305284100916	20.29944368235279
8	59.09480632994858	11.932424663126719	12.128171524743154	16.84459748218155
9	48.83192355940202	23.40956643131604	8.122891409089055	19.635618600192885
10-14	43.67241411879747	24.70633990232628	17.48926533582981	14.131980643046443
15-19	25.46202985758592	34.623247687242184	22.48694984877192	17.427772606399973
20-24	24.39943890330705	33.96966042911554	24.482744681025544	17.148155986551867
25-29	22.827279580504246	33.42400815313322	25.536561145643404	18.212151120719128
30-34	22.6660604891632	32.81388881647621	25.021654355658494	19.498396338702104
35-39	22.82966942483407	32.36477522086149	25.081223341420365	19.72433201288408
40-44	22.565267427975165	32.46070299945569	25.194828209549513	19.77920136301963
45-49	22.680066752259023	32.54455762182743	25.179522817800514	19.595852808113033
50-54	23.01956616086	32.47496302325494	24.9132964445964	19.592174371288657
55-59	22.623391747880298	32.66723488426363	24.986058296013958	19.723315071842116
60-64	22.698182910787438	32.919836992454336	24.946368277311066	19.435611819447164
65-69	22.918710573930383	32.77294853310846	24.907409236849155	19.400931656112004
70-74	22.567773639482706	32.90134405013503	25.10306506343185	19.42781724695041
75-79	22.46328317519216	33.34815743624008	25.081293091161278	19.107266297406486
80-84	22.78515636736931	33.15155841110321	25.01983249674155	19.04345272478593
85-89	22.5711179653728	32.97398796355023	25.059482532800146	19.395411538276825
90-94	22.460365320762687	33.30294012509085	25.0988473760245	19.13784717812196
95-99	23.017137071346813	33.04750249989471	24.977487891108932	18.957872537649543
100-101	22.560512230899487	33.344911910032906	24.968200583618046	19.12637527544956
>>END_MODULE
>>Per base GC content	fail
#Base	%GC
1	44.82903629970997
2	52.26078231314448
3	60.901258957350315
4	46.90077784325149
5	74.19613064412556
6	73.16013693833764
7	68.1045474925703
8	75.93940381213012
9	68.46754215959491
10-14	57.804394761843916
15-19	42.889802463985895
20-24	41.54759488985892
25-29	41.039430701223374
30-34	42.1644568278653
35-39	42.55400143771815
40-44	42.344468790994796
45-49	42.27591956037206
50-54	42.61174053214866
55-59	42.346706819722414
60-64	42.133794730234605
65-69	42.31964223004239
70-74	41.99559088643312
75-79	41.57054947259864
80-84	41.82860909215524
85-89	41.966529503649625
90-94	41.59821249888465
95-99	41.97500960899635
100-101	41.68688750634905
>>END_MODULE
>>Per sequence GC content	warn
#GC Content	Count
0	513.0
1	459.0
2	364.5
3	499.0
4	2479.0
5	10581.0
6	26416.5
7	43827.5
8	55369.5
9	57946.5
10	52716.0
11	42691.0
12	31916.0
13	23718.0
14	18422.5
15	15516.5
16	13703.5
17	12441.5
18	11893.0
19	11378.5
20	11225.5
21	11747.0
22	12725.0
23	14186.5
24	16347.5
25	19924.0
26	24841.5
27	31972.0
28	42014.5
29	55135.5
30	72558.0
31	93836.5
32	117702.0
33	141536.0
34	164458.5
35	188031.5
36	211959.5
37	236991.5
38	261930.0
39	284679.5
40	306203.5
41	323487.0
42	333955.5
43	338792.0
44	342861.5
45	347098.0
46	342013.0
47	327549.0
48	306796.0
49	284136.5
50	269225.5
51	259533.5
52	251819.0
53	240556.0
54	226393.0
55	218326.0
56	214223.5
57	211579.5
58	210883.5
59	202160.5
60	180919.5
61	156630.0
62	134299.0
63	113668.5
64	94821.5
65	76529.0
66	59290.0
67	43501.5
68	32829.0
69	28254.0
70	23924.0
71	19429.0
72	14138.0
73	8316.0
74	4075.5
75	2139.5
76	1245.5
77	602.5
78	220.5
79	82.0
80	61.5
81	55.0
82	47.5
83	37.5
84	31.0
85	26.5
86	22.0
87	24.5
88	20.0
89	14.5
90	18.5
91	17.5
92	13.5
93	11.0
94	13.0
95	14.0
96	14.0
97	13.5
98	10.5
99	7.0
100	2.5
>>END_MODULE
>>Per base N content	pass
#Base	N-Count
1	0.03913603371965999
2	0.043925253064683686
3	0.0038335978515850926
4	8.889502264545143E-5
5	0.0
6	0.0
7	2.666850679363543E-4
8	1.1111877830681428E-5
9	0.0020223617651840197
10-14	3.2224445708976145E-4
15-19	6.444889141795229E-4
20-24	3.555800905818057E-5
25-29	4.578093666240749E-4
30-34	3.866933485077137E-4
35-39	0.0013178687107188174
40-44	7.356063123911106E-4
45-49	0.00147787975148063
50-54	0.002326827217744691
55-59	0.005322589480896404
60-64	4.555869910579385E-4
65-69	0.00532481185646254
70-74	0.016341127537800107
75-79	0.005787065974218888
80-84	8.667264707931514E-5
85-89	1.6001104076181257E-4
90-94	0.0
95-99	0.0
100-101	0.0
>>END_MODULE
>>Sequence Length Distribution	pass
#Length	Count
101	8999379.0
>>END_MODULE
>>Sequence Duplication Levels	fail
#Total Duplicate Percentage	78.64783617817592
#Duplication Level	Relative count
1	100.0
2	42.824194777586136
3	35.47992459187357
4	34.49921784124183
5	32.91885604267779
6	29.70197745778348
7	25.3198828767398
8	20.663029962697046
9	16.44338373911997
10++	63.25658818338614
>>END_MODULE
>>Overrepresented sequences	pass
>>END_MODULE
>>Kmer Content	fail
#Sequence	Count	Obs/Exp Overall	Obs/Exp Max	Max Obs/Exp Position
AAAAA	40011440	15.442102	20.416433	95-97
CTGGG	4729595	7.120839	324.02252	3
CCTGG	2551975	5.059915	221.51399	5
TGGGG	4269050	4.8806634	220.58014	4
GGGGG	4237860	4.597706	132.93625	5
TTTTT	2885740	4.068337	5.0304365	95-97
TGCCT	1849040	3.8633687	233.09337	3
GCTTC	1819005	3.8006139	176.25893	3
GCCTG	1902400	3.7719738	220.97772	4
CAGGG	3076100	3.574211	127.63385	3
GGGGA	3830800	3.3799448	82.60027	5
CTTCT	1271615	2.7998102	65.54114	4
GCATC	1703655	2.7470973	139.74344	3
TGCCA	1703530	2.7468956	115.34618	3
CCAGG	1773355	2.7135324	109.88343	5
CTGCC	989390	2.5834138	85.906075	2
CTTCC	919340	2.529622	76.6814	4
GCTGG	1643800	2.4748917	114.546005	2
GGGGC	1715920	2.4516091	32.886246	5
GGGCA	2025455	2.3534358	46.972782	5
CTCTG	1114290	2.3281884	57.547497	7
GCCAG	1494035	2.2861257	109.52101	4
CTTCA	1337710	2.2730417	46.171413	4
TTGCC	1082700	2.2621844	80.035385	2
TCTCT	1024575	2.2558837	61.031517	6
TCTGG	1420330	2.253458	65.309456	2
TTCTC	1021035	2.248089	50.143547	5
AGGGG	2545315	2.2457511	77.66415	4
GTGCC	1110110	2.201065	98.91904	2
ATGCC	1353915	2.183151	101.435905	2
TGCTG	1371940	2.176684	33.09084	1
CCCTG	830220	2.1678023	57.26331	7
TGGGC	1429305	2.15195	68.326324	4
GCTGC	1062660	2.106984	13.919945	1
TTCCC	746035	2.0527625	50.956284	5
GGGGT	1791665	2.0483513	49.415276	5
GGCTT	1290450	2.047394	38.79493	2
TCCCT	727845	2.0027118	60.37405	6
TGCTT	1178405	1.9701887	28.858131	2
TTTGC	1150280	1.9231663	16.962246	1
CATCC	900385	1.9119667	59.275112	4
CACTG	1153960	1.8607291	42.43885	7
CATCT	1085335	1.8442051	53.488956	4
AGCTT	1417600	1.8291086	31.946362	2
CATGG	1476720	1.8081354	30.3098	5
TTCTG	1073365	1.7945712	16.164528	1
GGGAA	2492915	1.7887644	27.60176	6
CTTGC	854095	1.784539	23.998838	1
TCTGC	854055	1.7844554	23.820349	1
ACTGG	1438080	1.7608236	56.623867	2
GGGCT	1168545	1.7593516	17.669273	5
ATGGG	1887005	1.7544708	63.173225	3
TTGCT	1036910	1.7336217	5.674099	1
TGCAT	1332625	1.7194666	31.968187	3
TCCTG	822495	1.7185143	33.967934	1
CTGCA	1060020	1.7092533	8.686459	2
TTCAA	1612280	1.6918107	5.9911823	5
CTGCT	787005	1.6443617	7.2116184	1
CCTGC	628590	1.6413226	14.51283	1
CAAGG	1726460	1.6314049	14.803425	5
CATCA	1243910	1.6311988	36.35489	4
TTGCA	1255555	1.6200242	12.6308	2
CAGCT	1002015	1.615722	7.8227134	1
TTCAC	948070	1.610964	36.400433	5
GGCTG	1067425	1.6071062	26.719679	1
CCCAG	796115	1.6042601	30.058155	7
TGCAG	1300035	1.5917975	13.916425	1
TTCCA	929420	1.5792738	15.606897	5
AGCTG	1280395	1.5677496	18.492632	1
GGCAT	1272050	1.5575318	30.570017	2
TCACT	913810	1.5527492	44.73966	6
GCAGG	1330030	1.545401	38.444088	2
CCATG	935230	1.5080328	22.458515	7
TCCCA	705715	1.4985851	31.778925	6
TGGCT	944190	1.498027	8.548788	1
GCATG	1222165	1.4964513	30.09732	4
CGCTG	743790	1.4747458	44.82599	1
CAGCA	1182400	1.4713951	6.1096034	1
GGCAG	1263320	1.4678886	10.26033	6
GCAAG	1512190	1.4289321	14.68862	4
GGGAG	1614800	1.4247506	15.848459	6
TCTCA	835530	1.4197357	33.13591	6
ATCTC	831730	1.4132787	41.685143	5
GGGCC	749805	1.4107894	9.225383	7
CCAAG	1126010	1.4012226	5.17751	7
GGCAA	1468310	1.3874681	12.904979	6
CATGC	860415	1.3873957	27.379887	1
TGTGC	867370	1.3761463	22.826288	1
CGTGC	689565	1.3672316	26.212496	1
GGGAT	1466690	1.3636769	19.649876	6
CTCAG	841245	1.3564847	31.438328	7
TGCAA	1357390	1.351646	15.515912	3
CGCTT	646205	1.3501754	38.108807	2
GGTGC	888025	1.3370029	20.49193	1
GGAAA	2287700	1.3349661	7.6812587	7
GAGCT	1083795	1.3270274	6.3656826	1
TCCAT	778720	1.3232039	23.656616	6
GATGC	1073220	1.314079	19.558235	1
GGGTG	1141700	1.3052678	12.107653	6
ACTGC	800045	1.2900507	23.38596	1
ATTGC	999480	1.2896144	22.968163	1
AGCAG	1348290	1.2740561	8.340208	1
TCCAG	787915	1.2704915	12.352764	1
GGAAG	1748420	1.2545598	9.489301	7
TTCAG	969710	1.2512026	9.044097	1
CACAG	1004510	1.2500265	21.88085	7
GGGAC	1069890	1.2431366	18.92481	6
TCAGG	1014330	1.2419726	32.3974	2
GTTGC	780950	1.2390347	14.1296425	1
GTGCT	780890	1.2389395	7.0571203	1
GGAGC	1064395	1.2367518	5.006746	8
TGGCA	1005545	1.2312161	6.9338455	1
AGCAT	1230205	1.2249992	24.530687	2
AAGCT	1228275	1.2230772	8.827473	1
TGGGT	1014000	1.221627	25.417738	4
ATGCA	1218100	1.2129453	15.163186	2
TCCAA	921800	1.2088006	5.5259523	6
GGGTT	994835	1.1985377	13.197685	6
GTGCA	976825	1.1960505	13.120787	2
AGGGC	1023225	1.1889153	20.882967	4
ATCCC	553585	1.1755372	39.245846	5
ACCTG	728875	1.1752911	21.94586	1
TCACA	887480	1.163795	23.09783	6
AATGC	1168380	1.1634357	27.109293	1
ATGCT	899970	1.1612182	7.99007	1
CGCAG	747785	1.1442373	11.462303	1
AAGCA	1486350	1.1422255	6.496976	1
ACAGG	1206085	1.1396806	24.023153	2
TCATG	880450	1.1360317	10.293524	1
GGCAC	739035	1.1308483	12.070896	6
GGATG	1212080	1.1269492	7.5500817	7
GATGG	1208895	1.123988	16.688389	2
TGGGA	1205530	1.1208595	22.491343	4
GTCTG	698685	1.1085151	17.049831	1
GGGTC	725595	1.0924499	12.539286	6
ATCAC	825930	1.0830816	29.637157	5
TCGCT	514035	1.0740205	9.579658	1
AACTG	1076730	1.0721735	9.366382	1
CAATG	1070770	1.0662388	8.303857	7
CCGCA	523375	1.0546587	6.93763	1
ATCCA	803955	1.0542647	12.25056	5
AGTGC	841700	1.0305998	24.114235	1
ATCTG	791455	1.0212028	12.587585	1
AGGCT	831580	1.0182086	9.436496	1
GGAAC	1070515	1.0115747	5.6234727	7
GGGCG	699345	0.99918437	10.407995	5
AAGGG	1375465	0.98695	11.193748	6
AGGCA	1040960	0.98364705	7.3458414	1
CGGCT	495550	0.9825492	13.233762	1
CGATG	799570	0.97901475	7.3147993	1
GACTG	798695	0.97794336	11.847622	1
CGGCA	638845	0.97754073	10.718104	1
TCAAT	922885	0.96840906	8.773909	6
TTCTA	711980	0.96806955	9.467751	5
ATCAG	962650	0.9585763	6.963283	1
ACCAG	763570	0.9501973	9.359804	1
GGATC	774525	0.9483489	5.8894696	7
ACATG	947405	0.94339585	7.0536647	1
CGCAT	582015	0.9384833	29.468866	2
AATGG	1206475	0.9122565	7.6576157	2
TCTCG	435025	0.9089377	7.835776	5
GCGCT	456095	0.90432	8.810638	1
GGACA	950350	0.89802575	5.2948904	7
TTGGG	743070	0.89522105	5.2701926	7
TCGCA	550540	0.8877307	7.8548017	1
CTCGG	447445	0.88716936	14.040056	6
CCGCT	338715	0.8844248	7.903415	1
AGGGA	1229455	0.8821822	7.5062494	4
TACTG	676390	0.87273616	18.127651	1
TATGC	671505	0.8664331	23.552483	1
GTCAG	664125	0.8131723	6.382918	1
CACGG	529610	0.81039274	17.333082	6
TCTAT	588915	0.80073977	14.418088	6
GGGTA	858800	0.7984821	12.507419	6
GCGCA	520385	0.7962769	6.246224	1
CGGGG	540760	0.77260715	21.119692	8
TATGG	786890	0.7709748	15.796707	2
TAGCA	774065	0.7707894	6.4359736	1
CTATG	590770	0.76226187	13.687165	7
CGGGC	399050	0.7508292	9.308399	8
TACAG	733600	0.73049563	8.095716	1
TCACG	426335	0.68745357	7.975612	5
ACTCG	421970	0.68041515	5.3543506	5
AGGGT	711110	0.6611651	7.5016236	4
ACGCA	519850	0.64690864	7.4927955	1
GGCTA	518500	0.63486516	6.053364	6
ACGCT	390890	0.6302995	10.216096	1
TAGCT	483470	0.6238143	7.783398	1
ACGGG	508195	0.5904867	17.886267	7
ATCTA	558750	0.58631206	7.279187	5
TCGGG	384830	0.57939684	11.951494	7
ACACG	462820	0.5759397	7.9360566	5
CTAGG	269335	0.32978094	5.029031	6
TAGGG	335925	0.31233123	6.298349	7
>>END_MODULE
