##FastQC	0.10.1
>>Basic Statistics	pass
#Measure	Value	
Filename	Acer-108_S58_L001_R1_001.fastq.gz	
File type	Conventional base calls	
Encoding	Sanger / Illumina 1.9	
Total Sequences	6537998	
Filtered Sequences	0	
Sequence length	101	
%GC	40	
>>END_MODULE
>>Per base sequence quality	pass
#Base	Mean	Median	Lower Quartile	Upper Quartile	10th Percentile	90th Percentile
1	36.18470960070652	37.0	37.0	37.0	37.0	37.0
2	36.28746032042225	37.0	37.0	37.0	37.0	37.0
3	36.25862335840421	37.0	37.0	37.0	37.0	37.0
4	36.282789165735444	37.0	37.0	37.0	37.0	37.0
5	36.43095546985484	37.0	37.0	37.0	37.0	37.0
6	36.47846481445849	37.0	37.0	37.0	37.0	37.0
7	36.50346115125762	37.0	37.0	37.0	37.0	37.0
8	36.49422896733832	37.0	37.0	37.0	37.0	37.0
9	36.51102784063256	37.0	37.0	37.0	37.0	37.0
10-14	36.39871581484118	37.0	37.0	37.0	37.0	37.0
15-19	36.33619551428434	37.0	37.0	37.0	37.0	37.0
20-24	36.3241471165944	37.0	37.0	37.0	37.0	37.0
25-29	36.23044580313423	37.0	37.0	37.0	37.0	37.0
30-34	36.180058238011085	37.0	37.0	37.0	37.0	37.0
35-39	36.13353867651841	37.0	37.0	37.0	37.0	37.0
40-44	36.061689189871274	37.0	37.0	37.0	37.0	37.0
45-49	35.97640656971752	37.0	37.0	37.0	37.0	37.0
50-54	35.93091475402715	37.0	37.0	37.0	37.0	37.0
55-59	35.8473302989692	37.0	37.0	37.0	37.0	37.0
60-64	35.73813534357153	37.0	37.0	37.0	37.0	37.0
65-69	35.6586802259652	37.0	37.0	37.0	37.0	37.0
70-74	35.549414973819204	37.0	37.0	37.0	37.0	37.0
75-79	35.455958261229206	37.0	37.0	37.0	37.0	37.0
80-84	35.296556499405476	37.0	37.0	37.0	37.0	37.0
85-89	35.23273170166158	37.0	37.0	37.0	29.8	37.0
90-94	35.14559784203054	37.0	37.0	37.0	29.8	37.0
95-99	35.00342621701628	37.0	37.0	37.0	25.0	37.0
100-101	34.867301886601986	37.0	37.0	37.0	25.0	37.0
>>END_MODULE
>>Per sequence quality scores	pass
#Quality	Count
14	2.0
15	4.0
16	21.0
17	59.0
18	158.0
19	253.0
20	454.0
21	1041.0
22	2183.0
23	5438.0
24	9881.0
25	16369.0
26	24016.0
27	34627.0
28	47351.0
29	66645.0
30	89266.0
31	121674.0
32	157663.0
33	218501.0
34	307890.0
35	576947.0
36	3785889.0
37	1071666.0
>>END_MODULE
>>Per base sequence content	fail
#Base	G	A	T	C
1	20.81469336917878	30.016089138263307	25.923113351536575	23.246104141021334
2	29.35125753023916	26.907656762636396	21.59754227561077	22.14354343151367
3	20.15783088909545	14.141440252367898	25.894645518332972	39.80608334020368
4	25.817104479278434	18.330160852065504	35.47514184394451	20.377592824711552
5	47.51322958495858	13.568511339403896	12.928040051404116	25.99021902423341
6	47.52906011901503	7.383116360696347	20.310789327252778	24.77703419303585
7	47.75909584388832	14.087794008736024	17.904045680122287	20.249064467253373
8	56.59656059851961	13.536131396797613	13.056351500872285	16.81095650381049
9	47.06986955869354	25.09966911307529	8.13754238183828	19.692918946392894
10-14	41.20586534643022	27.5585439197707	17.7595087314731	13.47608200232598
15-19	22.157173365578263	39.62350872388649	22.023009142794074	16.196308767741165
20-24	21.044035995857325	40.164443029400076	23.39357523087194	15.397945743870661
25-29	19.837697619080323	39.67076077168547	24.205099522184977	16.28644208704923
30-34	19.875743678939326	39.10950207596573	23.766918326871288	17.247835918223657
35-39	19.809609574480714	38.950629626017644	24.05081634004051	17.18894445946113
40-44	19.884672827878536	38.863915913049404	23.90399005732097	17.347421201751093
45-49	20.17720784729713	38.76865991590027	23.713842505441267	17.34028973136133
50-54	20.41196542667485	38.5631660905751	23.57186986987281	17.452998612877238
55-59	20.010307700492255	38.72254692161996	23.547466679319555	17.719678698568224
60-64	19.99850901855642	39.28673087390326	23.477745113571398	17.237014993968927
65-69	20.38548509208258	39.005033854959834	23.410597955205212	17.19888309775238
70-74	20.077682906248278	38.97669390431012	23.53891433133113	17.406708858110477
75-79	19.882211493676333	39.25685874657853	23.85295874988555	17.007971009859588
80-84	19.857660224554035	39.31665662739333	24.02031278788474	16.80537036016789
85-89	20.0904382232099	39.22616986223193	23.68059175638107	17.00280015817711
90-94	19.98678494548331	39.3952950123264	23.494136890222357	17.123783151967928
95-99	20.50192491652414	38.95213302151922	23.461681189308443	17.084260872648198
100-101	20.412265344834918	38.93379135325523	23.598003547875052	17.0559397540348
>>END_MODULE
>>Per base GC content	fail
#Base	%GC
1	44.06079751020012
2	51.49480096175284
3	59.96391422929913
4	46.19469730398998
5	73.50344860919199
6	72.30609431205087
7	68.00816031114168
8	73.4075171023301
9	66.76278850508643
10-14	54.6819473487562
15-19	38.35348213331943
20-24	36.441981739727986
25-29	36.12413970612955
30-34	37.12357959716299
35-39	36.99855403394184
40-44	37.23209402962963
45-49	37.51749757865846
50-54	37.86496403955209
55-59	37.72998639906048
60-64	37.235524012525346
65-69	37.58436818983496
70-74	37.48439176435875
75-79	36.890182503535925
80-84	36.66303058472193
85-89	37.093238381387
90-94	37.11056809745124
95-99	37.58618578917234
100-101	37.46820509886972
>>END_MODULE
>>Per sequence GC content	fail
#GC Content	Count
0	843.0
1	710.0
2	517.0
3	1205.0
4	8775.5
5	36068.0
6	80551.5
7	117524.0
8	130311.0
9	120493.0
10	95524.0
11	65426.0
12	40582.5
13	25192.0
14	17316.0
15	13479.0
16	11447.5
17	10163.0
18	9267.0
19	8671.5
20	8478.0
21	8555.5
22	9313.5
23	10619.5
24	12218.0
25	14789.0
26	18568.0
27	23779.0
28	31397.0
29	41087.0
30	53303.5
31	69152.0
32	87558.0
33	105850.5
34	124275.0
35	145056.5
36	165271.5
37	185164.0
38	206181.0
39	225841.5
40	242962.0
41	255897.5
42	263126.5
43	265440.0
44	268569.0
45	269656.0
46	267264.0
47	262732.5
48	248720.5
49	224104.5
50	194523.0
51	171040.5
52	155409.0
53	136099.5
54	114780.5
55	100386.0
56	90884.0
57	82906.0
58	77579.0
59	73243.0
60	66546.5
61	58965.0
62	51654.0
63	45322.0
64	40699.5
65	34782.5
66	27762.0
67	20609.5
68	15822.5
69	14929.0
70	14852.5
71	14193.0
72	11259.0
73	6986.5
74	3579.0
75	1861.0
76	1156.0
77	629.5
78	268.0
79	133.5
80	93.0
81	77.0
82	56.5
83	41.5
84	32.5
85	26.0
86	27.0
87	26.5
88	27.0
89	32.0
90	26.5
91	20.5
92	16.0
93	13.0
94	11.0
95	7.0
96	7.0
97	7.0
98	7.5
99	4.5
100	1.5
>>END_MODULE
>>Per base N content	pass
#Base	N-Count
1	0.038742746632837756
2	0.04354544005672685
3	0.0036861436788448087
4	4.5885605960723756E-5
5	0.0
6	0.0
7	1.8354242384289502E-4
8	0.0
9	0.0017589482284944109
10-14	2.6919555496957937E-4
15-19	6.179261602710799E-4
20-24	1.8354242384289503E-5
25-29	4.374427768255665E-4
30-34	4.4050181722294805E-4
35-39	0.0013031512092845545
40-44	6.39339443052751E-4
45-49	0.0014285718655771998
50-54	0.002269807974857135
55-59	0.005527685998068522
60-64	3.4567156490411896E-4
65-69	0.005267667564291087
70-74	0.01628021299486479
75-79	0.005845826199396206
80-84	1.2542065629264493E-4
85-89	1.5601106026646077E-4
90-94	0.0
95-99	3.059040397381584E-6
100-101	0.0
>>END_MODULE
>>Sequence Length Distribution	pass
#Length	Count
101	6537998.0
>>END_MODULE
>>Sequence Duplication Levels	fail
#Total Duplicate Percentage	80.53073253873376
#Duplication Level	Relative count
1	100.0
2	35.19362879202383
3	24.125073459379497
4	23.012543822319493
5	23.294222546456727
6	23.981194398848967
7	22.777473807931585
8	21.79261150627191
9	19.91407785680994
10++	111.20230206496849
>>END_MODULE
>>Overrepresented sequences	pass
>>END_MODULE
>>Kmer Content	fail
#Sequence	Count	Obs/Exp Overall	Obs/Exp Max	Max Obs/Exp Position
AAAAA	69150850	16.364828	19.108677	70-74
CTGGG	3205475	10.537256	493.88272	3
TGGGG	2872030	7.1949835	327.64328	4
CCTGG	1662370	7.1706285	329.172	5
GGGGG	2670705	6.7216544	195.6783	5
TTTTT	2426715	5.967906	7.41199	35-39
GCCTG	1204920	5.197419	328.6173	4
TGCCT	1184790	5.0869975	326.99985	3
GCTTC	1125340	4.8317437	261.40082	3
CAGGG	2139085	4.402764	163.83554	3
GGGGA	2792195	4.379744	110.89774	5
TTTTC	1155120	3.7448468	4.7688293	75-79
CTTCC	599935	3.3800151	109.929565	4
CTTCT	776170	3.317169	91.63009	4
GCTGG	998030	3.2807925	171.58253	2
TTCTT	1006985	3.2645998	3.9467244	40-44
CTGCC	566060	3.2039542	130.43932	2
CTTTT	982830	3.1862903	3.8911917	50-54
GGGGC	960950	3.1735504	51.95471	5
CCAGG	1173885	3.170423	137.63887	5
TTTTG	1280910	3.1646903	3.89405	95-97
CTCTG	733895	3.151041	81.731285	7
TTTCT	970275	3.1455877	3.7559445	75-79
TCTCT	735745	3.144402	81.662834	6
TCTTT	965245	3.1292806	3.833347	60-64
TTGCC	724850	3.1122055	113.940544	2
TTCTC	726645	3.1055105	67.07265	5
TCTGG	942515	3.083998	95.47262	2
TGGGC	929550	3.0556805	106.57368	4
GCATC	1111690	2.9885876	169.48491	3
TGCCA	1110085	2.9842725	136.28258	3
GGGGT	1181250	2.959257	72.77471	5
GTGCC	679560	2.9312801	147.57858	2
CCCTG	505955	2.8637543	83.187035	7
AGGGG	1773635	2.782065	96.5579	4
TTCCC	485255	2.7339115	70.842896	5
GGGCA	1316755	2.710206	58.859856	5
TCCCT	473635	2.6684449	82.78664	6
TGCTG	805010	2.6340685	47.520855	1
GCCAG	952030	2.571238	137.0633	4
TTTGC	783690	2.5524702	24.160578	1
GGCTT	774415	2.5339592	57.26674	2
TCTCC	443775	2.5002146	6.3201246	50-54
TGCTT	764710	2.4906526	41.175854	2
CCGTC	429730	2.4323132	8.587247	50-54
CTTCA	892815	2.3891	54.164078	4
GCTGC	547045	2.359677	21.493795	1
ATGCC	876255	2.355661	117.29677	2
CTTGC	524145	2.2504613	33.886208	1
TTGCT	682995	2.2245078	8.294874	1
GGGCT	675840	2.2216675	28.96537	5
ATGGG	1412785	2.2058177	82.69466	3
TCCTG	503260	2.16079	47.478207	1
TTCTG	653605	2.1287847	22.538593	1
GGCTG	642305	2.1114292	39.720272	1
TCTGC	489310	2.1008945	34.253	1
CACTG	774845	2.0830376	49.05551	7
CATCC	579695	2.0449193	70.57991	4
ACTGG	993635	2.0357049	68.20844	2
CTTGG	621160	2.032494	8.032772	6
CATGG	987540	2.0232177	38.2288	5
CATCT	753545	2.016425	60.646168	4
GGGAA	2048465	2.0025542	34.375824	6
TGGCT	602625	1.9718456	12.440454	1
TCCGT	452375	1.9423108	6.0221834	50-54
CTCCG	339385	1.9209518	5.9885716	45-49
GGGCC	442895	1.9192861	18.164202	5
CTGCT	444650	1.9091429	10.570164	1
CCTGC	336690	1.905698	21.5773	1
GTCCC	336000	1.9017924	5.3307424	55-59
GGCTC	437485	1.8870904	9.890642	6
TGTGC	565530	1.8504674	33.234898	1
CCCAG	521175	1.8470114	37.815132	7
CGCTG	424655	1.8317481	64.48766	1
GGGTG	730790	1.8307685	17.900879	5
TGCAT	885770	1.80634	37.882336	3
TTCAC	671900	1.7979496	40.63335	5
CGTGC	407330	1.7570168	39.742374	1
TCACT	650665	1.7411264	48.8083	6
TTCCA	650370	1.740337	18.392784	5
TGGGT	696985	1.7380204	46.134037	4
AGCTT	842735	1.7185793	36.37937	2
TTGCA	839000	1.7109625	15.738305	2
CTGCA	636330	1.7106637	11.1249695	2
CGCTT	397290	1.7057986	56.3828	2
GGGTC	517645	1.7016381	22.607622	5
TCCCA	482300	1.7013507	37.777435	6
GGTGC	514780	1.6922201	30.764305	1
GGGAC	814840	1.6771414	22.041115	6
GCAGG	806225	1.6594096	48.82428	2
GGGTT	664750	1.6576383	18.632322	6
GGCAT	800370	1.639754	36.82244	2
GGGAG	1041950	1.6343681	17.271214	6
GGTTT	652555	1.6197171	5.620351	7
CATGC	601625	1.6173655	31.749905	1
GTTGC	493295	1.6141077	21.264555	1
GGGAT	1028430	1.6057146	21.855844	6
CGTCC	280555	1.5879683	5.0515475	50-54
CAGCT	584345	1.5709112	9.525494	1
AGCTG	761230	1.5595663	22.124872	1
TCTCA	582375	1.558388	36.265564	6
CCATG	579250	1.5572139	27.208298	7
GTGCT	470965	1.5410417	10.42025	1
ATCTC	575235	1.539282	45.533596	5
GGCAG	745860	1.5351635	11.480226	6
TGCAG	742270	1.520722	16.440762	1
GGCCT	351695	1.5170355	5.300949	6
GTCTG	460465	1.5066849	24.988909	1
CAAGG	1172775	1.504405	17.07364	5
GCATG	732300	1.500296	37.96697	4
CTCAG	555450	1.4932319	36.45331	7
TCCAT	541380	1.4486887	27.087893	6
TTCAA	1134635	1.4420736	6.433092	5
CATCA	853485	1.4299831	34.743168	4
GGTGG	561145	1.4057753	5.281387	6
ACTGC	519435	1.3964118	28.268532	1
ATTGC	683480	1.3938124	25.767267	1
TCGCT	324140	1.3917228	14.208867	1
TCAGG	675200	1.3833127	38.951687	2
AGGGC	661155	1.3608198	28.151367	4
GGTTG	541500	1.350299	6.0515447	7
TGGGA	861585	1.345215	34.051243	4
TTCAG	655840	1.3374466	10.295227	1
TCCAG	497425	1.3372416	15.005915	1
GGTCT	408280	1.3359306	6.8537216	6
GAGCT	649340	1.3303322	7.431308	1
ACCTG	492455	1.3238807	25.55442	1
TGCAA	1026630	1.3108549	16.8789	3
GGGCG	396580	1.3097107	15.574079	5
ATCCC	365280	1.2885536	45.55758	5
GCAAG	997205	1.2791884	16.965784	4
GATGC	617295	1.26468	22.75036	1
CCCGT	222755	1.2608148	7.0527453	55-59
GGTTC	383030	1.2533103	5.577873	7
GTGCA	609645	1.2490071	17.025023	2
CCAAG	730920	1.2303091	5.8473196	7
TCTCG	285165	1.2243804	10.727755	5
TGGCA	596255	1.2215744	8.712121	1
GGCAC	451630	1.2197601	15.998051	6
GATGG	774365	1.2090361	21.298555	2
TCATG	591820	1.2068913	11.859159	1
GGCAA	937710	1.2028698	12.41235	6
CAGCA	707380	1.1906857	6.123481	1
CGGCT	275100	1.186643	19.747658	1
ATGCT	571515	1.1654836	9.330142	1
TTCTA	569570	1.1561553	11.65262	5
CTCGG	265350	1.1445864	21.394161	6
GGAAG	1167295	1.1411333	7.868222	7
GGAAA	1871505	1.1402484	11.40695	7
CGCAG	416995	1.1262181	14.4475765	1
GGACG	545300	1.1223617	5.107757	7
ATGCA	875830	1.1183056	15.449105	2
GGTCC	258685	1.115837	8.426291	6
CACAG	661585	1.1136022	21.768063	7
GGATT	711125	1.1051726	5.306086	7
AAGGG	1128340	1.1030513	13.580944	3
CCGCA	311050	1.1023415	8.807208	1
GGATG	704665	1.1002117	7.3970942	7
AGTGC	535090	1.0962629	28.712908	1
TTGGG	432375	1.0781819	9.840411	7
ATCTG	528585	1.077937	14.287213	1
AGGCT	523445	1.0724053	11.541249	1
TCCAA	638965	1.0705627	5.886145	6
CCGCT	188940	1.0694185	12.077132	1
TCACA	637665	1.0683845	21.726896	6
AATGC	834470	1.0654949	25.173378	1
AGCAG	824570	1.0577368	8.262968	1
GCGCT	243335	1.0496248	13.301195	1
GACTG	510820	1.04654	14.392255	1
GGGTA	668655	1.0439883	15.686003	5
AACTG	813275	1.038432	8.98031	1
GAAAA	2705475	1.0273176	5.5343404	8
CAATG	793545	1.0132397	9.017355	7
AAGCT	791265	1.0103284	8.354353	1
ATCAC	599225	1.0039797	26.95133	5
CGCAT	371730	0.99933225	36.00583	2
CGGGG	300905	0.99374264	35.09485	8
AGGGA	1010590	0.9879404	10.238016	4
TACTG	478520	0.97584003	21.131891	1
ACAGG	759520	0.97429234	23.916286	2
GCACT	360950	0.97035205	5.306329	7
GGATC	473210	0.9694866	6.5368013	7
CGGGC	222620	0.96472394	15.871489	8
TATGC	470670	0.9598316	27.121355	1
ATCCA	563005	0.94329447	11.7616005	5
AGCAT	725690	0.92659897	22.919962	2
TATGG	592190	0.9203336	20.38058	2
TCGGG	279585	0.9190709	18.796043	7
TCAAT	719865	0.9149183	8.998536	6
CGGCA	337795	0.912315	13.63612	1
ACATG	694990	0.88739955	6.6797647	1
CACGG	328420	0.88699526	22.738348	6
GGAAC	688325	0.8829652	5.046561	7
AGGGT	560430	0.87501395	12.347372	4
TCGCA	325165	0.87415016	9.565944	1
TCTAT	429665	0.8721659	16.890919	6
CGATG	421870	0.86430407	8.75886	1
CTATG	422475	0.8615481	16.957382	7
GGACT	418730	0.85787106	5.185525	7
ACCAG	506255	0.8521455	9.602305	1
AGGCA	657055	0.8428529	7.0220594	1
GTCAG	409375	0.838705	7.6401362	1
AATGG	855790	0.8327478	8.759492	2
GCGCA	298290	0.8056201	8.265308	1
ATCAG	618780	0.7900907	6.591139	1
GGACA	610540	0.7831847	5.133034	7
ACTCG	286110	0.7691576	6.5956836	5
TCACG	280420	0.75386095	9.958061	5
ACGGG	352875	0.72630364	24.80711	7
ACGCT	265235	0.71303874	12.593225	1
GGTAT	449190	0.69809455	6.093708	6
GGCTA	339735	0.6960305	5.5342736	6
TAGCT	337060	0.6873624	8.671905	1
GTATG	430350	0.668815	5.0148454	1
TACAG	494205	0.6310268	7.7091846	1
TAGCA	493565	0.6302096	6.1318974	1
GGTAC	298380	0.6113045	6.463276	6
ACGCA	337470	0.56804085	7.352262	1
ACACG	327105	0.55059415	7.9280415	5
ATCTA	414105	0.52631015	7.19493	5
CGGGT	154480	0.5078172	6.011855	8
TAGGG	252690	0.39453143	9.109882	7
CTAGG	188090	0.38534847	6.795134	6
>>END_MODULE
