##FastQC	0.10.1
>>Basic Statistics	pass
#Measure	Value	
Filename	Acer-078_S46_L001_R1_001.fastq.gz	
File type	Conventional base calls	
Encoding	Sanger / Illumina 1.9	
Total Sequences	12982523	
Filtered Sequences	0	
Sequence length	101	
%GC	45	
>>END_MODULE
>>Per base sequence quality	pass
#Base	Mean	Median	Lower Quartile	Upper Quartile	10th Percentile	90th Percentile
1	36.26919775146942	37.0	37.0	37.0	37.0	37.0
2	36.349504329782434	37.0	37.0	37.0	37.0	37.0
3	36.31583745316684	37.0	37.0	37.0	37.0	37.0
4	36.331022329018786	37.0	37.0	37.0	37.0	37.0
5	36.482586551165745	37.0	37.0	37.0	37.0	37.0
6	36.521207241458384	37.0	37.0	37.0	37.0	37.0
7	36.543797534577834	37.0	37.0	37.0	37.0	37.0
8	36.52908306035737	37.0	37.0	37.0	37.0	37.0
9	36.54372289577303	37.0	37.0	37.0	37.0	37.0
10-14	36.422898522883415	37.0	37.0	37.0	37.0	37.0
15-19	36.33976953478149	37.0	37.0	37.0	37.0	37.0
20-24	36.32578310086568	37.0	37.0	37.0	37.0	37.0
25-29	36.25052563357677	37.0	37.0	37.0	37.0	37.0
30-34	36.21920300083427	37.0	37.0	37.0	37.0	37.0
35-39	36.18910835744331	37.0	37.0	37.0	37.0	37.0
40-44	36.15357865339426	37.0	37.0	37.0	37.0	37.0
45-49	36.11532343905726	37.0	37.0	37.0	37.0	37.0
50-54	36.09136506055102	37.0	37.0	37.0	37.0	37.0
55-59	36.042241018945234	37.0	37.0	37.0	37.0	37.0
60-64	35.99302868941576	37.0	37.0	37.0	37.0	37.0
65-69	35.94769862529803	37.0	37.0	37.0	37.0	37.0
70-74	35.883761084035825	37.0	37.0	37.0	37.0	37.0
75-79	35.84509557964966	37.0	37.0	37.0	37.0	37.0
80-84	35.78311454560874	37.0	37.0	37.0	37.0	37.0
85-89	35.74897132090581	37.0	37.0	37.0	37.0	37.0
90-94	35.67837633717267	37.0	37.0	37.0	37.0	37.0
95-99	35.609216559832014	37.0	37.0	37.0	37.0	37.0
100-101	35.507815314480865	37.0	37.0	37.0	37.0	37.0
>>END_MODULE
>>Per sequence quality scores	pass
#Quality	Count
14	2.0
15	4.0
16	50.0
17	135.0
18	191.0
19	333.0
20	625.0
21	1598.0
22	3156.0
23	7025.0
24	13024.0
25	22987.0
26	35485.0
27	53022.0
28	74038.0
29	104938.0
30	137128.0
31	183466.0
32	235076.0
33	319566.0
34	460038.0
35	955255.0
36	7894997.0
37	2480384.0
>>END_MODULE
>>Per base sequence content	fail
#Base	G	A	T	C
1	21.02384477180238	29.415517826479746	25.76453468928685	23.796102712431022
2	29.840991030354143	26.364176345034608	21.21320705951	22.581625565101252
3	20.0630317397948	11.961549005698723	27.184806445154848	40.790612809351636
4	27.105599663177692	16.957957215217114	35.65022426705831	20.28621885454688
5	47.389417295852276	12.893764948461866	12.445131042710265	27.27168671297559
6	47.395633344920704	6.408846724169099	20.172311653135527	26.023208277774668
7	47.64276671348864	13.47240456158394	18.7415482432208	20.143280481706615
8	60.92023099054013	11.463788664191082	11.460353276477923	16.155627068790864
9	49.757465131063114	23.22227175136034	7.57476916379024	19.44549395378631
10-14	44.48385890931375	24.598380880335178	16.795433725448753	14.122326484902315
15-19	26.257171014301456	34.594446211190125	21.730631461815854	17.417751312692555
20-24	25.19526371745687	33.63828287443191	24.083531891352305	17.082921516758912
25-29	23.476646839718953	33.029294527843774	25.205498715128506	18.288559917308774
30-34	23.29592696607577	32.33637538648299	24.713165301491397	19.654532345949843
35-39	23.623932153776696	31.75190174398977	24.725654378605878	19.898511723627657
40-44	23.308627225650223	31.793572895454986	24.798033970649012	20.099765908245782
45-49	23.497758430595773	31.799309597116476	24.728068902994075	19.97486306929368
50-54	23.832984710042926	31.690544962621843	24.50537573431847	19.97109459301676
55-59	23.441848508504407	31.8864121212941	24.63830923946283	20.03343013073866
60-64	23.265950513732417	32.27179334263325	24.65096803088076	19.811288112753573
65-69	23.586072531481754	32.0465396606649	24.56170290176983	19.805684906083524
70-74	23.266395201889857	32.07865616923427	24.856570391582906	19.79837823729296
75-79	23.129686953102627	32.513997761134696	24.87735825787371	19.478957027888974
80-84	23.434250725329537	32.54801181478519	24.670319600994347	19.34741785889092
85-89	23.347799571004202	32.40539991943619	24.630827789102764	19.615972720456842
90-94	23.181589587786597	32.64708870533101	24.732189575169635	19.439132131712764
95-99	23.66019609593605	32.322583214372116	24.751161234222348	19.26605945546948
100-101	23.20358685287906	32.45054524455686	24.855827330327088	19.490040572237
>>END_MODULE
>>Per base GC content	fail
#Base	%GC
1	44.8199474842334
2	52.422616595455395
3	60.85364454914644
4	47.39181851772457
5	74.66110400882788
6	73.41884162269537
7	67.78604719519525
8	77.075858059331
9	69.20295908484943
10-14	58.60618539421607
15-19	43.674922326994015
20-24	42.27818523421579
25-29	41.76520675702772
30-34	42.95045931202561
35-39	43.522443877404356
40-44	43.408393133896006
45-49	43.47262149988945
50-54	43.80407930305969
55-59	43.47527863924307
60-64	43.077238626485986
65-69	43.391757437565275
70-74	43.064773439182815
75-79	42.6086439809916
80-84	42.78166858422046
85-89	42.96377229146104
90-94	42.62072171949936
95-99	42.92625555140553
100-101	42.69362742511606
>>END_MODULE
>>Per sequence GC content	warn
#GC Content	Count
0	312.0
1	302.0
2	315.5
3	497.5
4	2271.0
5	9817.5
6	24959.0
7	42777.5
8	55051.0
9	58744.5
10	55236.0
11	46130.5
12	35650.0
13	27359.0
14	21793.5
15	18259.0
16	16136.5
17	14667.0
18	13743.0
19	13414.0
20	13629.0
21	14186.0
22	15131.0
23	16868.0
24	19707.5
25	24124.5
26	29890.0
27	38800.5
28	51656.0
29	67060.0
30	87248.5
31	113981.0
32	144532.5
33	175608.5
34	208663.5
35	245187.5
36	282119.5
37	318935.5
38	356929.0
39	395528.0
40	436279.0
41	473169.0
42	494435.0
43	502984.0
44	511427.5
45	517507.5
46	515749.5
47	506011.5
48	481551.0
49	448575.0
50	421456.0
51	404765.5
52	394158.0
53	377372.0
54	357616.0
55	345209.0
56	336550.0
57	328372.5
58	317686.0
59	297730.0
60	267208.0
61	231610.5
62	196002.0
63	163802.0
64	135199.5
65	107412.5
66	81754.0
67	61115.5
68	47727.5
69	40427.5
70	33874.5
71	27151.0
72	20022.5
73	12166.5
74	5774.5
75	2454.0
76	1223.5
77	616.0
78	318.0
79	208.0
80	133.5
81	100.5
82	84.5
83	68.0
84	53.5
85	46.5
86	35.0
87	24.5
88	22.5
89	23.5
90	23.0
91	20.0
92	15.5
93	13.5
94	18.0
95	17.5
96	18.0
97	27.0
98	26.5
99	13.0
100	1.5
>>END_MODULE
>>Per base N content	pass
#Base	N-Count
1	0.03918344685389735
2	0.0434815328268627
3	0.0037897102127221337
4	7.702663033988077E-5
5	0.0
6	0.0
7	1.1553994550982116E-4
8	0.0
9	0.0020489083670408286
10-14	2.7729586922357083E-4
15-19	6.53185825282189E-4
20-24	2.7729586922357078E-5
25-29	4.4213285815091565E-4
30-34	4.8526777114124895E-4
35-39	0.0013572092265886993
40-44	7.101855317337007E-4
45-49	0.0014650465090645323
50-54	0.0024278793883130423
55-59	0.00540110731943244
60-64	3.435387713158683E-4
65-69	0.005398026254218845
70-74	0.016013836447661214
75-79	0.005918726275316439
80-84	7.856716294667839E-5
85-89	1.4018846721858302E-4
90-94	0.0
95-99	0.0
100-101	0.0
>>END_MODULE
>>Sequence Length Distribution	pass
#Length	Count
101	1.2982523E7
>>END_MODULE
>>Sequence Duplication Levels	fail
#Total Duplicate Percentage	77.5618844822997
#Duplication Level	Relative count
1	100.0
2	50.66409972191432
3	42.99049063648562
4	38.863932481574395
5	33.42278746864243
6	27.048208000311146
7	21.385372304221846
8	16.107578320984775
9	11.82350310172491
10++	46.62505104719678
>>END_MODULE
>>Overrepresented sequences	pass
>>END_MODULE
>>Kmer Content	fail
#Sequence	Count	Obs/Exp Overall	Obs/Exp Max	Max Obs/Exp Position
AAAAA	45292955	13.273217	17.59995	95-97
CTGGG	6955955	6.7228622	305.18204	3
CCTGG	3743055	4.8338437	215.9387	5
TGGGG	6442605	4.660044	209.91127	4
GGGGG	6384250	4.20553	122.543526	5
TTTTT	3727640	3.919522	4.9676933	85-89
TGCCT	2678765	3.7985566	236.83287	3
GCTTC	2565155	3.6374547	170.40314	3
GCCTG	2805910	3.6235988	215.47214	4
CAGGG	4435645	3.320347	116.980965	3
GGGGA	5798445	3.2483988	79.25661	5
GCATC	2475870	2.7191997	136.77289	3
TGCCA	2461035	2.7029066	115.66419	3
CTTCT	1710030	2.6625967	65.37794	4
CCAGG	2591925	2.592496	105.70736	5
CTTCC	1313980	2.4896693	76.07059	4
CTGCC	1435405	2.476907	85.27728	2
CTCTG	1674435	2.374391	56.970936	7
GCTGG	2424225	2.3429897	107.68941	2
CTTCA	1915270	2.3097286	46.59137	4
TTGCC	1605700	2.2769232	79.81745	2
TCTCT	1451995	2.2608242	62.66051	6
TCTGG	2082670	2.2102203	64.21155	2
GCCAG	2204760	2.2052455	105.365486	4
GGGGC	2487460	2.1894543	29.389055	5
TTCTC	1395600	2.1730146	50.28346	5
GGGCA	2899425	2.170394	41.1417	5
ATGCC	1939520	2.130137	102.41263	2
AGGGG	3785420	2.120664	72.66797	4
TGCTG	1991555	2.1135252	32.485508	1
GTGCC	1632490	2.1082246	96.31346	2
CCCTG	1194615	2.0614047	55.691525	7
GCTGC	1582510	2.0436795	13.597065	1
TTTGC	1694915	1.9750615	17.330652	1
TGCTT	1645960	1.9180151	28.751238	2
CATCT	1584545	1.9108891	54.331738	4
TGGGC	1974825	1.908649	58.970768	4
GGGGT	2619350	1.8946197	44.14825	5
GGCTT	1772940	1.8815212	36.8395	2
TTCCC	989520	1.8748974	50.96301	5
CATCC	1261385	1.8510998	59.625153	4
CACTG	1681625	1.846896	41.575054	7
TCCCT	969630	1.8372107	61.13399	6
CTTGC	1274885	1.8078192	23.773087	1
TCTGC	1274360	1.8070748	24.241804	1
AGCTT	1986710	1.7930669	31.827904	2
TTCAA	2298235	1.7640197	5.967013	5
CATGG	2134825	1.7547154	30.220163	5
TGCAT	1933290	1.7448537	33.200695	3
TTCTG	1496225	1.743531	16.088022	1
ACTGG	2097610	1.7241266	55.78648	2
GGGAA	3598165	1.714296	26.942444	6
CTGCA	1558955	1.7121699	8.505655	2
TCCTG	1202255	1.7048279	33.996063	1
TTGCT	1462880	1.7046745	5.898678	1
TTGCA	1872580	1.6900612	12.825484	2
CTGCT	1186195	1.6820545	6.96261	1
CATCA	1779250	1.6618705	36.88289	4
ATGGG	2683860	1.6509551	58.018036	3
TTCAC	1367035	1.6485822	37.08659	5
CAAGG	2549440	1.6229997	14.075301	5
TTCCA	1332995	1.6075315	15.66992	5
CCCAG	1196825	1.5995406	28.947554	7
CAGCT	1445230	1.587268	7.5793343	1
TGCAG	1923260	1.5808198	13.201412	1
TCACT	1307320	1.5765685	45.61593	6
AGCTG	1914615	1.5737141	18.197922	1
CCTGC	908920	1.5684148	14.173145	1
TCCCA	1056660	1.5506631	31.87592	6
GGCTG	1578505	1.5256096	25.180065	1
ATCTC	1240310	1.4957575	42.602314	5
GGGCT	1542725	1.4910284	12.832219	8
CAGCA	1749730	1.4883794	5.957831	1
GGCAT	1804795	1.4834478	29.471476	2
GCAGG	1973875	1.4775642	35.044567	2
CGCTG	1137240	1.4686507	42.635944	1
TGGCT	1361545	1.4449309	8.09588	1
CCATG	1311550	1.4404501	21.789154	7
TCTCA	1194175	1.4401208	32.780655	6
GGGAG	2569230	1.4393312	15.502736	6
GCAAG	2251140	1.4330988	13.972867	4
GGCAG	1899975	1.4222456	9.2707615	6
GCATG	1724475	1.4174289	29.984856	4
TGCAA	2010635	1.4054797	15.372502	3
CATGC	1267550	1.3921256	27.276114	1
GGCAA	2147400	1.3670568	11.407314	6
GGAAG	2867085	1.365983	9.887954	7
CGCTT	959165	1.3601204	36.925884	2
CGTGC	1040610	1.343861	25.448425	1
GGAAA	3308680	1.3406222	7.567549	7
GAGCT	1620970	1.3323531	6.162654	1
CTCAG	1209770	1.3286669	29.863945	7
GGGCC	1128320	1.3270308	8.807866	8
TCCAT	1094670	1.3201222	23.917145	6
TGTGC	1242315	1.3183988	22.957125	1
GATGC	1600485	1.3155155	19.464602	1
AGCAG	2063530	1.3136643	7.7873178	1
ACTGC	1181620	1.2977504	23.77964	1
TTCAG	1436205	1.2962193	8.990902	1
ATTGC	1431445	1.2919233	23.57549	1
GGGAT	2085330	1.2827742	19.859407	6
CACAG	1496855	1.2732753	21.183289	7
GGAGC	1683220	1.2599914	5.1837378	8
TCCAG	1138065	1.2499146	11.976179	1
ATGCA	1776285	1.2416637	15.542128	2
TCCAA	1328350	1.240717	5.4167347	6
GGGAC	1656980	1.2403492	18.941948	6
AAGCT	1771730	1.2384796	8.858852	1
GGTGC	1273830	1.2311442	19.298336	1
GTTGC	1157705	1.228607	13.884095	1
GGGTG	1684050	1.2181016	11.071286	6
TGGCA	1480625	1.2169969	6.8021784	1
TCAGG	1468480	1.2070143	30.92948	2
TCACA	1290705	1.2055554	23.295855	6
GTGCT	1124285	1.1931403	6.585081	1
AAGCA	2196550	1.1892185	6.6608	1
ATCCC	809150	1.1874387	39.909973	5
GTGCA	1443115	1.1861656	12.92221	2
GTCTG	1104105	1.1717244	16.938143	1
TCATG	1287505	1.1620129	10.07512	1
AATGC	1644990	1.1498854	28.181396	1
ATGCT	1264960	1.1416653	7.927712	1
ACCTG	1032275	1.1337276	22.043932	1
AACTG	1610180	1.1255524	9.459055	1
GGATG	1821530	1.1204997	8.045911	7
CGCAG	1118735	1.1189814	10.675306	1
AGCAT	1600045	1.1184678	24.798351	2
AGGGC	1490470	1.1157064	17.36809	4
ATCAC	1192390	1.1137264	30.028646	5
GGGTT	1389915	1.103912	11.709891	6
GATGG	1789370	1.1007167	15.444881	2
CAATG	1558185	1.0892067	8.033136	7
GGCAC	1088665	1.0889047	11.28784	6
ATCTG	1202940	1.0856904	12.906352	1
ATCCA	1145495	1.0699252	12.368496	5
TCGCT	753220	1.0680851	9.48308	1
ACAGG	1650285	1.0505884	22.850471	2
TGGGT	1321690	1.0497257	20.950584	4
TGGGA	1697890	1.0444436	20.391964	4
AGTGC	1266065	1.0406396	24.178253	1
CGATG	1244710	1.023087	6.7459254	1
AGGCT	1235105	1.0151922	9.269713	1
GGGTC	1048295	1.0131668	11.77854	6
CCGCA	754065	1.0077977	6.6199822	1
AGGCA	1574445	1.0023078	7.0305867	1
AAGGG	2083420	0.99261665	10.480159	6
ACCAG	1166715	0.992447	9.397518	1
TCAAT	1280260	0.9826688	8.848987	6
GGATC	1173750	0.9647615	6.0247993	7
CGCAT	875850	0.961929	28.98115	2
GACTG	1164560	0.95720786	11.714508	1
ACATG	1369325	0.9571892	7.074866	1
TCTCG	673785	0.9554442	7.238721	5
CGGCT	732645	0.94614995	12.108987	1
CGGCA	942755	0.94296265	10.136907	1
ATCAG	1343965	0.939462	7.043312	1
TTCTA	947760	0.93924326	9.518511	5
GGACA	1474880	0.9389237	5.5298367	7
GGGCG	1065295	0.9376692	9.534537	5
CCGCT	538075	0.92849195	7.319414	1
GGAAC	1448900	0.92238456	5.391521	7
TCGCA	827600	0.9089369	7.780838	1
GCGCT	697910	0.90129256	8.164383	1
TACTG	993140	0.8963394	18.717758	1
AATGG	1692590	0.88547057	7.049403	2
AGGGA	1844515	0.87879366	6.2899566	4
CTCGG	675140	0.87188697	12.467207	6
GGACG	1134005	0.848871	5.0192876	7
TATGC	940450	0.8487851	24.410887	1
GCGCA	804785	0.8049623	5.9534903	1
GTCAG	938980	0.77179277	6.2799463	1
TATGG	1137385	0.76824653	14.948857	2
CTATG	847465	0.7648633	13.535569	7
TACAG	1090215	0.762085	8.062878	1
CACGG	759605	0.75977224	15.497859	6
TCTAT	763350	0.75649035	14.860175	6
TAGCA	1052235	0.7355362	6.579165	1
GGGTA	1186495	0.72986305	11.650014	6
TCACG	662935	0.7280886	7.542078	5
CGGGC	577915	0.6796929	7.597513	8
ACGCA	792265	0.6739273	7.2976203	1
ACGCT	587850	0.6456242	9.878509	1
AGGGT	1044280	0.64238054	5.886152	4
TAGCT	702850	0.63434374	7.635521	1
CGGGG	703160	0.61891925	18.677385	8
ATCTA	787395	0.6043682	7.441084	5
ACACG	705115	0.5997945	7.3224325	5
TCGGG	604540	0.584282	10.476427	7
ACGGG	706195	0.5286294	15.760694	7
TAGGG	479295	0.2948345	5.5515885	7
>>END_MODULE
