##FastQC	0.10.1
>>Basic Statistics	pass
#Measure	Value	
Filename	Acer-146_S67_L001_R1_001.fastq.gz	
File type	Conventional base calls	
Encoding	Sanger / Illumina 1.9	
Total Sequences	8962152	
Filtered Sequences	0	
Sequence length	101	
%GC	36	
>>END_MODULE
>>Per base sequence quality	pass
#Base	Mean	Median	Lower Quartile	Upper Quartile	10th Percentile	90th Percentile
1	36.11410429102296	37.0	37.0	37.0	37.0	37.0
2	36.23972345034987	37.0	37.0	37.0	37.0	37.0
3	36.1920275398141	37.0	37.0	37.0	37.0	37.0
4	36.220712168238165	37.0	37.0	37.0	37.0	37.0
5	36.386344708279886	37.0	37.0	37.0	37.0	37.0
6	36.43853953827161	37.0	37.0	37.0	37.0	37.0
7	36.46529259936676	37.0	37.0	37.0	37.0	37.0
8	36.43812524045564	37.0	37.0	37.0	37.0	37.0
9	36.47404574258504	37.0	37.0	37.0	37.0	37.0
10-14	36.36938159495621	37.0	37.0	37.0	37.0	37.0
15-19	36.32068255481496	37.0	37.0	37.0	37.0	37.0
20-24	36.32006031587057	37.0	37.0	37.0	37.0	37.0
25-29	36.21359305220443	37.0	37.0	37.0	37.0	37.0
30-34	36.152730259428765	37.0	37.0	37.0	37.0	37.0
35-39	36.082957084414545	37.0	37.0	37.0	37.0	37.0
40-44	35.971451901284425	37.0	37.0	37.0	37.0	37.0
45-49	35.81784604858297	37.0	37.0	37.0	37.0	37.0
50-54	35.75017951045687	37.0	37.0	37.0	37.0	37.0
55-59	35.627562264063364	37.0	37.0	37.0	37.0	37.0
60-64	35.448623321720056	37.0	37.0	37.0	37.0	37.0
65-69	35.33091259777785	37.0	37.0	37.0	37.0	37.0
70-74	35.174177385074486	37.0	37.0	37.0	25.0	37.0
75-79	35.02349458031955	37.0	37.0	37.0	25.0	37.0
80-84	34.78420316906029	37.0	37.0	37.0	25.0	37.0
85-89	34.68947587588339	37.0	37.0	37.0	25.0	37.0
90-94	34.565402372108835	37.0	37.0	37.0	25.0	37.0
95-99	34.34202075572921	37.0	37.0	37.0	25.0	37.0
100-101	34.16674934770131	37.0	37.0	37.0	25.0	37.0
>>END_MODULE
>>Per sequence quality scores	pass
#Quality	Count
15	8.0
16	37.0
17	79.0
18	172.0
19	309.0
20	536.0
21	1501.0
22	3905.0
23	10579.0
24	19470.0
25	31481.0
26	44137.0
27	61166.0
28	83088.0
29	116537.0
30	153825.0
31	210316.0
32	274109.0
33	377804.0
34	521915.0
35	905857.0
36	4872417.0
37	1272904.0
>>END_MODULE
>>Per base sequence content	fail
#Base	G	A	T	C
1	20.793921773621207	30.3189894566892	25.749023347895772	23.138065421793826
2	29.55886453602894	26.757666730443063	21.314373510752276	22.36909522277572
3	19.83181102418436	13.191399429401871	26.424419850244774	40.552369696168995
4	26.33239910726699	17.923773133699513	35.680354093920855	20.06347366511265
5	47.691480796130215	13.237523755455163	12.578931935097732	26.492063513316893
6	47.706622248763466	6.943566679074401	19.981941837183747	25.367869234978386
7	47.93734928950508	13.969096419345709	18.192979282945252	19.900575008203962
8	59.22874988381695	13.001688991850283	11.461523020533798	16.308038103798967
9	47.292280603483384	25.85305462972985	7.553171903052565	19.3014928637342
10-14	40.97971133098157	30.502902124022903	16.42485796003573	12.0925285849598
15-19	20.95816465171123	44.66158079055707	20.151356033651307	14.22889852408039
20-24	19.43191929900029	45.75513203908723	21.35774530511052	13.45520335680196
25-29	18.103850370828827	45.553583376885186	22.136780817792374	14.20578543449361
30-34	18.065325600903304	45.11848641812908	21.667142484367364	15.149045496600255
35-39	18.06524122322518	44.86456609116372	21.860250287680064	15.209942397931043
40-44	18.07242654920365	44.788689358653066	21.840398296166207	15.298485795977074
45-49	18.37284319113147	44.70346824517896	21.662700115208338	15.26098844848123
50-54	18.631800219809413	44.66499551168889	21.388842172842466	15.314362095659229
55-59	18.277150174523136	44.803535213252275	21.39326553739293	15.526049074831663
60-64	18.191811963037132	45.21585230492593	21.371970654975026	15.220365077061912
65-69	18.41545094395816	45.04351918875916	21.279708858128036	15.261321009154646
70-74	18.16381456472839	45.062440597716844	21.418758924919977	15.354985912634788
75-79	18.094231456947316	45.23111852760018	21.6044812626528	15.070168752799706
80-84	18.206730030654263	45.176425593761785	21.815343253040364	14.80150112254359
85-89	18.349715355968726	45.13055652370217	21.53834398413629	14.98138413619281
90-94	18.314857860031832	45.24870589117435	21.480903247345058	14.955533001448758
95-99	18.715007288428048	44.8662664949222	21.475739309040954	14.942986907608796
100-101	18.668328767465674	44.88485578017423	21.53843184092392	14.908383611436182
>>END_MODULE
>>Per base GC content	fail
#Base	%GC
1	43.93198719541503
2	51.927959758804654
3	60.384180720353356
4	46.39587277237964
5	74.1835443094471
6	73.07449148374185
7	67.83792429770904
8	75.53678798761592
9	66.59377346721759
10-14	53.07223991594137
15-19	35.18706317579162
20-24	32.887122655802244
25-29	32.309635805322436
30-34	33.21437109750356
35-39	33.27518362115622
40-44	33.37091234518073
45-49	33.6338316396127
50-54	33.94616231546864
55-59	33.8031992493548
60-64	33.412177040099046
65-69	33.676771953112805
70-74	33.51880047736318
75-79	33.16440020974702
80-84	33.008231153197855
85-89	33.331099492161535
90-94	33.27039086148059
95-99	33.657994196036846
100-101	33.57671237890185
>>END_MODULE
>>Per sequence GC content	fail
#GC Content	Count
0	2258.0
1	1986.5
2	1400.5
3	2726.5
4	19604.5
5	78680.5
6	175544.5
7	259604.5
8	292950.5
9	276848.0
10	225170.5
11	157995.0
12	99763.0
13	61628.5
14	41140.0
15	31137.0
16	25812.0
17	22263.0
18	19885.0
19	18295.5
20	17211.5
21	17181.5
22	17886.0
23	19390.0
24	21973.5
25	25650.5
26	31108.0
27	39177.0
28	50013.0
29	63349.0
30	80702.0
31	101003.0
32	123051.5
33	146765.5
34	170408.5
35	194679.0
36	217862.5
37	240871.0
38	262085.0
39	279183.0
40	295931.0
41	310369.5
42	318368.0
43	320531.5
44	322602.5
45	323809.0
46	318291.5
47	306725.0
48	285872.0
49	255790.0
50	226185.0
51	203825.5
52	186034.0
53	164245.5
54	139029.5
55	120834.5
56	109891.5
57	100828.0
58	94671.0
59	89312.0
60	82864.0
61	74617.0
62	65043.5
63	56466.5
64	49763.5
65	42213.5
66	33436.0
67	25177.5
68	19955.5
69	18366.0
70	17901.0
71	17154.5
72	13953.0
73	8907.0
74	4573.0
75	2435.5
76	1486.0
77	743.5
78	266.0
79	87.5
80	69.0
81	60.5
82	49.5
83	44.5
84	42.0
85	35.0
86	24.5
87	19.5
88	19.5
89	13.0
90	8.0
91	14.5
92	15.5
93	11.0
94	9.5
95	8.5
96	9.0
97	8.5
98	10.5
99	7.0
100	0.5
>>END_MODULE
>>Per base N content	pass
#Base	N-Count
1	0.03889690779625251
2	0.04206578955590131
3	0.003659835271707063
4	1.1158034364960558E-4
5	0.0
6	0.0
7	2.1200265293425062E-4
8	1.115803436496056E-5
9	0.0020307622544228215
10-14	2.9457210723495876E-4
15-19	5.735229663589728E-4
20-24	3.1242496221889564E-5
25-29	4.3070012648747756E-4
30-34	4.039208440115722E-4
35-39	0.001258626276367551
40-44	6.38239565675744E-4
45-49	0.001417070364349991
50-54	0.002303018292927859
55-59	0.005297834716483273
60-64	3.7044674091669055E-4
65-69	0.005277750254626344
70-74	0.015926978252544702
75-79	0.005570090754988311
80-84	6.248499244377913E-5
85-89	1.2050677114157403E-4
90-94	0.0
95-99	0.0
100-101	0.0
>>END_MODULE
>>Sequence Length Distribution	pass
#Length	Count
101	8962152.0
>>END_MODULE
>>Sequence Duplication Levels	fail
#Total Duplicate Percentage	78.25601696469144
#Duplication Level	Relative count
1	100.0
2	37.17873510540788
3	26.032997250229148
4	23.98533455545371
5	22.685609532538955
6	22.2218148487626
7	20.258478460128323
8	17.88084326306141
9	15.345554537121906
10++	81.04674610449129
>>END_MODULE
>>Overrepresented sequences	pass
>>END_MODULE
>>Kmer Content	fail
#Sequence	Count	Obs/Exp Overall	Obs/Exp Max	Max Obs/Exp Position
CTGGG	4447995	15.893969	752.9454	3
AAAAA	156294630	13.894999	16.227928	70-74
CCTGG	2269460	11.123711	527.84796	5
TGGGG	4146450	10.801534	500.2413	4
GGGGG	3712055	9.540433	282.89667	5
TTTTT	3434605	9.442928	11.946027	45-49
GCCTG	1633005	8.004138	526.40094	4
TGCCT	1590040	7.899332	533.53253	3
GCTTC	1437535	7.141686	407.56607	3
GGGGA	4152430	5.4456306	145.11873	5
CAGGG	2923825	5.259644	199.69344	3
TTTTC	1394340	5.1880293	6.6193376	90-94
CTTCC	730815	4.980223	184.0684	4
CTGCC	728660	4.8990407	217.7438	2
GCTGG	1329640	4.751187	262.54614	2
CTTCT	942755	4.7471876	143.46927	4
TTGCC	933550	4.637884	184.63972	2
CTCTG	929600	4.6182604	129.1872	7
TTTTG	1683915	4.567671	5.6385145	95-97
GGGGC	1290875	4.5508966	78.0797	5
TTCTT	1218505	4.5337853	5.5173893	40-44
TCTGG	1236360	4.4778357	147.7173	2
TCTCT	881500	4.4387417	131.30457	6
TTTCT	1187680	4.419093	5.292727	90-94
GTGCC	900765	4.4150805	237.86292	2
CTTTT	1185820	4.412172	5.397022	95-97
TTCTC	862765	4.3444023	108.26492	5
CCCTG	637390	4.2854004	141.17648	7
TCTTT	1139170	4.2385974	5.0690074	80-84
TGGGC	1177945	4.209137	150.19933	4
GGGGT	1611380	4.1976566	104.459755	5
TTTGT	1546745	4.1955924	5.234803	20-24
GTTTT	1507060	4.087946	5.005351	85-89
TTCCC	576600	3.9293075	120.31389	5
CCAGG	1579135	3.896577	178.26436	5
TTGTT	1432170	3.8848042	4.7899094	20-24
TCCCT	564300	3.8454876	143.063	6
TGCTG	1030865	3.7335765	74.858154	1
TGTTT	1375200	3.7302716	4.7078238	20-24
TCTTC	728790	3.6697788	4.6818094	30-34
CTTTC	724060	3.6459613	4.503535	55-59
TGCCA	1456810	3.643528	179.87193	3
TTTGC	988285	3.627945	36.997223	1
TTTCC	713860	3.5946002	4.404857	55-59
GCATC	1431880	3.5811772	212.82997	3
CTCTT	710785	3.579116	4.521591	80-84
TGCTT	966590	3.5483036	62.671368	2
GGCTT	970575	3.515219	85.78682	2
CTTTG	938335	3.4445806	4.174955	70-74
GCTGC	679700	3.331535	33.827957	1
AGGGG	2520495	3.3054588	117.4888	4
CCGTC	487030	3.2744763	9.302375	50-54
GCTTT	888080	3.2600973	4.0504236	60-64
TCTCC	478155	3.2584426	7.635983	50-54
TTCCT	641800	3.2317462	4.0127006	30-34
CCTTT	636560	3.2053607	4.1504297	30-34
GGGCA	1780295	3.2025573	69.92852	5
CTTGC	644040	3.199596	53.170467	1
TCTTG	863620	3.1703055	4.8958087	5
TTGCT	859100	3.1537127	12.310431	1
GCCAG	1267320	3.1271613	177.53738	4
CCTTG	627475	3.117301	4.048688	40-44
TCCTT	610820	3.0757482	3.932603	30-34
TCCTG	618235	3.0713966	77.414276	1
TTCTG	829245	3.0441165	34.61852	1
TCTGC	601545	2.9884806	55.634876	1
GGCTG	832280	2.9739764	59.931973	1
GGGCT	823455	2.942442	35.30848	5
ATGCC	1155070	2.8888671	155.06035	2
CTTGG	780220	2.8257926	11.554084	6
CTTCA	1102810	2.7956007	68.28995	4
CTGCT	545210	2.7086077	16.496107	1
CCTGC	401085	2.6966379	34.715687	1
TGGCT	742110	2.6877666	19.210716	1
GGCCC	404485	2.6830785	7.2575083	8
CGCTG	540955	2.651479	102.52589	1
TGTGC	728455	2.6383107	51.59012	1
TCCGT	517995	2.5734034	6.4655304	50-54
GGCTC	524055	2.5686445	10.820512	6
GGGCC	530815	2.566936	20.741203	5
CACTG	999885	2.5007443	63.739754	7
CGTGC	509475	2.497181	63.330772	1
CTCCG	368360	2.4766157	7.1996207	45-49
ATGGG	1857005	2.4683921	93.723885	3
GTCCC	365155	2.4550672	5.924445	55-59
CGCTT	493860	2.4535005	88.15347	2
ACTGG	1322695	2.4116812	85.00811	2
CATCC	702035	2.408447	94.8945	4
GGGTG	915750	2.3855355	23.93942	6
CATCT	933430	2.366226	76.89672	4
CATGG	1290290	2.3525968	47.14451	5
GGTGC	648760	2.3182065	46.917084	1
GGGTT	872935	2.304868	28.025217	6
GTTGC	633235	2.293444	32.17197	1
GTCTC	456840	2.269585	5.124768	45-49
GGTTT	834910	2.2343907	8.516753	7
CCCAG	644780	2.1824014	49.913166	7
GTCTG	597225	2.1630235	38.843338	1
GTGCT	595515	2.1568303	15.867123	1
TTCAC	844560	2.1409423	53.169655	5
TGCAT	1144305	2.1147408	47.690212	3
GGGAA	3127140	2.0925956	40.329166	6
GGGTC	584390	2.0881937	25.841774	6
TCACT	821285	2.0819407	64.65533	6
CGTCC	306030	2.0575488	5.4332957	55-59
TGGGT	777130	2.051908	48.599052	4
GGCCT	412990	2.0242617	5.1535187	9
TCCCA	579035	1.9864751	50.700466	6
TTGCA	1065545	1.9691879	18.657528	2
TTCCA	776585	1.9686271	23.320198	5
CTGCA	779880	1.9505045	13.945151	2
AGCTT	1053290	1.9465399	44.1592	2
TCGCT	389105	1.9330769	23.103231	1
GCAGG	1044515	1.8789691	59.24635	2
GGCAT	1029990	1.8779896	44.424175	2
GGGAC	1030730	1.8541713	26.74826	6
GGTTG	693270	1.8304868	9.36052	7
CCATG	726715	1.8175374	35.099922	7
GGGAG	1384870	1.8161632	20.602287	6
ATCTC	711475	1.8035746	59.171516	5
CATGC	719145	1.7986047	41.491413	1
TCTCA	709195	1.7977948	47.229824	6
GGTGG	686755	1.789002	6.071712	7
AGCTG	969740	1.7681352	27.992323	1
CAGCT	706815	1.7677668	11.93793	1
TCCCG	262685	1.766125	5.089438	50-54
CTCAG	701810	1.7552493	46.591274	7
GCATG	956830	1.7445962	46.83954	4
GGGCG	494360	1.7428343	20.863768	5
GGGAT	1307580	1.7380784	26.750765	6
GGCAG	964180	1.7344552	13.957777	6
CGGCT	347685	1.7041703	30.247458	1
TGCAG	932765	1.7007184	20.736269	1
TCCAT	663715	1.6825039	35.587414	6
GGTTC	457850	1.6582366	8.120178	7
GGTCT	456005	1.6515543	6.711487	7
ACTGC	656035	1.6407646	37.217113	1
TCTCG	329490	1.636909	18.520493	5
GGTGT	617285	1.6298586	5.66113	7
ATTGC	879535	1.625431	32.985573	1
TCAGG	882985	1.6099541	48.589962	2
CCCGT	238875	1.6060419	7.34506	55-59
GGCGG	443135	1.562244	6.7278457	6
CTCGG	317295	1.5552148	34.91707	6
TCCAG	617330	1.543962	19.682898	1
ATCCC	445215	1.5273836	62.461018	5
TTCAG	814420	1.5050945	12.802955	1
TGATG	1105025	1.4887729	5.6153574	1
TGGGA	1116995	1.4847467	38.818035	4
ACCTG	588935	1.4729452	34.205315	1
AGGGC	814410	1.4650352	29.95092	4
GCGCT	295100	1.4464262	21.045227	1
CCGCT	215015	1.4456226	18.960157	1
CGGGG	406480	1.433019	55.216072	8
TTGGG	540490	1.4270915	12.336423	7
GAGCT	781965	1.4257635	9.044628	1
GGCCA	576665	1.4229435	5.346821	6
GTGCA	774305	1.4117969	20.54586	2
GATGC	774235	1.4116694	28.681736	1
GGAGC	783745	1.4098722	5.257164	8
GGAGG	1057080	1.3862889	5.525023	7
GGTCC	282695	1.3856236	7.3309445	6
GGCAC	560395	1.3827965	18.648056	6
TTCAA	1437005	1.3550826	5.590288	5
TCATG	732760	1.3541824	14.546734	1
CATCA	1059575	1.3522067	35.208973	4
TGGCA	734315	1.3388828	10.299548	1
ATGCT	710905	1.3137931	11.48077	1
GATGG	981575	1.3047419	25.197884	2
CGGGC	266015	1.2864058	22.427633	8
CGCAG	516285	1.2739533	17.676674	1
CAAGG	1383865	1.2702547	15.513622	5
GGATT	939645	1.2659603	7.0272455	7
AGTGC	693955	1.2652941	36.00063	1
GCACC	373520	1.2642616	5.3283167	7
TTCTA	674895	1.2641739	13.081165	5
CCGCA	372760	1.2616892	10.96943	1
ATCTG	668820	1.2360176	18.309671	1
TCGGG	341030	1.2185985	28.862312	7
AGGCT	666545	1.2153172	14.005013	1
GGTCG	339450	1.2129527	5.9093657	7
GGATG	901990	1.1989548	8.943782	7
GACTG	655425	1.1950419	17.760036	1
GGACG	661765	1.1904434	6.1147604	7
TGCAA	1251365	1.1642233	15.658132	3
GGCAA	1250695	1.1480175	12.5997925	6
TACTG	621085	1.1478006	26.481388	1
CGCAT	455865	1.1401329	45.208893	2
GGACC	460100	1.1353146	5.286986	7
GCAAG	1232255	1.1310914	15.425223	4
CAGCA	886635	1.1163516	6.049606	1
TATGC	603150	1.1146556	34.015335	1
CCAAG	869090	1.0942609	5.139631	7
GGGTA	816510	1.085332	17.493042	6
GCACT	433070	1.0831219	5.7578044	7
GGAAG	1608135	1.0761195	8.00521	7
GGATC	580415	1.0582756	7.856624	7
CACAG	832710	1.0484554	21.917164	7
GGTCA	572050	1.0430237	5.0075483	6
CGGCA	420765	1.038254	16.835896	1
TATGG	756515	1.019234	22.408783	2
CACGG	410665	1.0133319	28.92764	6
TCACA	786405	1.0035931	22.27345	6
TCGCA	400740	1.0022634	12.11638	1
AATGC	1067165	0.99285054	25.944912	1
TCCAA	776980	0.99156505	5.295422	6
ATGCA	1060835	0.9869613	15.197255	2
GGAAA	2877055	0.98237723	12.322955	7
AGCAG	1059895	0.9728815	8.198638	1
AACTG	1031760	0.95991105	9.178305	1
ATCAC	749150	0.956049	28.149084	5
GGACT	524265	0.9558968	6.351619	7
CGATG	518555	0.9454857	11.098696	1
TCTAT	504200	0.9444379	20.039852	6
GTCAG	515725	0.9403258	9.903071	1
CTATG	506310	0.9356898	19.76073	7
CAATG	1003775	0.93387485	8.097265	7
AAGCT	986460	0.9177656	8.063812	1
AAGGG	1358470	0.9090506	11.262854	6
ACAGG	983975	0.90319425	23.841146	2
ATCCA	688310	0.87840635	11.979546	5
AGCAT	938280	0.8729407	22.453949	2
GCGCA	351605	0.867599	9.937215	1
TCAAT	906830	0.85513246	8.235985	6
ACTCG	340700	0.85210156	8.4577	5
AGGGT	636385	0.845904	9.417328	4
AGGGA	1250310	0.8366731	8.704004	4
TCACG	332725	0.8321558	12.755079	5
ACCAG	654605	0.8242054	10.139308	1
ACGGG	456810	0.82175165	29.02614	7
GGAAC	892665	0.8193804	5.339241	7
ACGCT	324980	0.8127853	15.294487	1
ACATG	838025	0.7796672	7.0631175	1
GTATG	568925	0.76649857	5.902436	1
TAGCT	414500	0.76601964	10.4734335	1
GGCTA	418265	0.7626262	5.836982	6
AGGCA	827175	0.759267	6.8339815	1
GAAAA	4191930	0.7303589	5.151088	8
AATGG	1073835	0.72833437	7.287809	2
GGACA	793365	0.7282326	5.4069057	7
ATCAG	774835	0.7208776	6.894228	1
CGGGT	180680	0.64562166	6.242078	8
GGTAC	341835	0.6232707	5.1490297	6
TAGCA	629745	0.58589125	5.9377875	1
TACAG	628420	0.58465856	7.856087	1
ACACG	446635	0.56235284	8.3282175	5
ACGCA	395830	0.49838486	7.6416073	1
ATCTA	494965	0.46674755	6.60737	5
TAGGG	325630	0.4328381	9.605186	7
CTAGG	234900	0.4282952	7.970694	6
>>END_MODULE
