##FastQC	0.10.1
>>Basic Statistics	pass
#Measure	Value	
Filename	Acer-022_S27_L001_R1_001.fastq.gz	
File type	Conventional base calls	
Encoding	Sanger / Illumina 1.9	
Total Sequences	13786013	
Filtered Sequences	0	
Sequence length	101	
%GC	44	
>>END_MODULE
>>Per base sequence quality	pass
#Base	Mean	Median	Lower Quartile	Upper Quartile	10th Percentile	90th Percentile
1	36.30261461381184	37.0	37.0	37.0	37.0	37.0
2	36.36753519672439	37.0	37.0	37.0	37.0	37.0
3	36.33010015295938	37.0	37.0	37.0	37.0	37.0
4	36.34439377070078	37.0	37.0	37.0	37.0	37.0
5	36.492418293817074	37.0	37.0	37.0	37.0	37.0
6	36.53307268751306	37.0	37.0	37.0	37.0	37.0
7	36.554512243677706	37.0	37.0	37.0	37.0	37.0
8	36.541923687435954	37.0	37.0	37.0	37.0	37.0
9	36.55300745763115	37.0	37.0	37.0	37.0	37.0
10-14	36.43724029565328	37.0	37.0	37.0	37.0	37.0
15-19	36.3551352084174	37.0	37.0	37.0	37.0	37.0
20-24	36.34095647523327	37.0	37.0	37.0	37.0	37.0
25-29	36.26428537387858	37.0	37.0	37.0	37.0	37.0
30-34	36.23394951100075	37.0	37.0	37.0	37.0	37.0
35-39	36.2057497842197	37.0	37.0	37.0	37.0	37.0
40-44	36.173488390008046	37.0	37.0	37.0	37.0	37.0
45-49	36.14249384502974	37.0	37.0	37.0	37.0	37.0
50-54	36.12108640837637	37.0	37.0	37.0	37.0	37.0
55-59	36.077038169048585	37.0	37.0	37.0	37.0	37.0
60-64	36.03288589674187	37.0	37.0	37.0	37.0	37.0
65-69	35.99121502351695	37.0	37.0	37.0	37.0	37.0
70-74	35.92930064696733	37.0	37.0	37.0	37.0	37.0
75-79	35.896057794229556	37.0	37.0	37.0	37.0	37.0
80-84	35.8404730649826	37.0	37.0	37.0	37.0	37.0
85-89	35.808710234061145	37.0	37.0	37.0	37.0	37.0
90-94	35.74454443064866	37.0	37.0	37.0	37.0	37.0
95-99	35.68004807481323	37.0	37.0	37.0	37.0	37.0
100-101	35.58061660031802	37.0	37.0	37.0	37.0	37.0
>>END_MODULE
>>Per sequence quality scores	pass
#Quality	Count
14	3.0
15	8.0
16	39.0
17	122.0
18	200.0
19	315.0
20	606.0
21	1411.0
22	2893.0
23	6301.0
24	12007.0
25	21409.0
26	33620.0
27	51708.0
28	74216.0
29	106382.0
30	141471.0
31	190056.0
32	240872.0
33	329337.0
34	471898.0
35	986346.0
36	8426720.0
37	2688073.0
>>END_MODULE
>>Per base sequence content	fail
#Base	G	A	T	C
1	21.015936768147334	29.57130146656988	25.79578438350997	23.61697738177281
2	29.859190600853776	26.28020007293192	21.230082057478334	22.63052726873597
3	20.1120481421679	11.936764295071423	27.129521498054878	40.8216660647058
4	27.04768076655163	16.950044751925486	35.66276190793282	20.33951257359006
5	47.407491926781155	12.898914283629356	12.48844027638738	27.205153513202113
6	47.41175711933538	6.323575931634476	20.23577084977361	26.028896099256542
7	47.65667587383803	13.384788458836445	18.76266004197159	20.19587562535394
8	60.9649593345022	11.360008344690861	11.3849321605793	16.290100160227638
9	49.66384050507924	23.27358647551038	7.8141377910095065	19.24843522840087
10-14	44.23550793769064	24.91407353839276	17.037405785404623	13.813012738511976
15-19	25.806728941098143	35.01865170400531	22.188898541406584	16.98572081348997
20-24	24.68654018636401	34.01026501533845	24.68059067650729	16.622604121790253
25-29	22.962910048131015	33.29154829377505	25.954834843938414	17.79070681415552
30-34	22.82381859604996	32.44667265701335	25.484115438101806	19.245393308834878
35-39	23.182337793140157	31.82504486056	25.5779108471157	19.41470649918415
40-44	22.883792488237926	31.868365822372464	25.7122578068994	19.535583882490204
45-49	23.05082268149539	31.9511803910528	25.54315008814999	19.45484683930182
50-54	23.416854503897895	31.89908953733952	25.266445772945612	19.417610185816972
55-59	23.083283833563197	32.08086800491064	25.3970323583269	19.438815803199265
60-64	22.912990554232593	32.45136085161406	25.37106185472861	19.264586739424733
65-69	23.14783819590491	32.16851821440987	25.36166953414606	19.321974055539165
70-74	22.819092952166777	32.206252594628985	25.647036317935424	19.32761813526881
75-79	22.717485073932522	32.59941028546153	25.695709903844406	18.987394736761544
80-84	22.996169476613712	32.61951841408515	25.554989796461065	18.829322312840073
85-89	22.807404002770465	32.552390355438774	25.49054505444498	19.14966058734578
90-94	22.689343177030228	32.76805556472346	25.57445724155345	18.96814401669286
95-99	23.166832934221084	32.46262280472244	25.56357954979442	18.806964711262058
100-101	22.78584823617967	32.61999317714266	25.612934646151864	18.98122394052581
>>END_MODULE
>>Per base GC content	fail
#Base	%GC
1	44.63291414992015
2	52.48971786958975
3	60.9337142068737
4	47.38719334014169
5	74.61264543998325
6	73.4406532185919
7	67.85255149919197
8	77.25505949472984
9	68.91227573348012
10-14	58.04852067620262
15-19	42.79244975458811
20-24	41.30914430815426
25-29	40.753616862286535
30-34	42.06921190488484
35-39	42.597044292324306
40-44	42.41937637072813
45-49	42.505669520797206
50-54	42.83446468971487
55-59	42.52209963676246
60-64	42.17757729365733
65-69	42.469812251444075
70-74	42.14671108743559
75-79	41.70487981069407
80-84	41.825491789453785
85-89	41.95706459011625
90-94	41.657487193723085
95-99	41.97379764548314
100-101	41.767072176705476
>>END_MODULE
>>Per sequence GC content	warn
#GC Content	Count
0	264.0
1	251.5
2	247.5
3	410.5
4	1963.0
5	8389.0
6	21775.0
7	37767.0
8	49017.5
9	52586.5
10	49230.5
11	40652.0
12	31122.5
13	23849.0
14	19034.5
15	16222.5
16	14416.0
17	13193.5
18	12569.5
19	12289.0
20	12414.0
21	13358.5
22	14893.0
23	17038.5
24	20343.0
25	25255.0
26	32768.5
27	44032.0
28	59155.0
29	78698.0
30	104702.5
31	137266.5
32	174005.5
33	211873.5
34	252313.5
35	296672.0
36	341953.5
37	388271.0
38	434478.5
39	478749.0
40	524097.0
41	562946.0
42	586036.5
43	597778.5
44	604609.0
45	603959.0
46	591916.0
47	568812.0
48	531432.5
49	485616.5
50	449130.5
51	426984.5
52	407923.0
53	377061.0
54	338127.5
55	308486.5
56	288389.0
57	271780.0
58	257604.5
59	240745.5
60	215766.0
61	185680.5
62	157236.5
63	132649.5
64	112696.5
65	92687.5
66	71945.5
67	54285.0
68	43314.0
69	39084.0
70	34541.5
71	29556.5
72	23155.0
73	14242.0
74	6566.0
75	2681.0
76	1224.0
77	606.5
78	340.5
79	196.5
80	136.0
81	99.5
82	73.5
83	67.0
84	61.0
85	48.5
86	36.5
87	26.5
88	26.5
89	27.0
90	20.5
91	20.0
92	18.0
93	15.0
94	15.5
95	16.5
96	18.5
97	15.0
98	14.5
99	8.5
100	0.0
>>END_MODULE
>>Per base N content	pass
#Base	N-Count
1	0.03982297129706754
2	0.04379801469794059
3	0.0036994017051920664
4	1.015522036719391E-4
5	0.0
6	0.0
7	1.450745766741987E-4
8	1.450745766741987E-5
9	0.0021398500059444307
10-14	2.799939329812035E-4
15-19	6.354266458329903E-4
20-24	2.4662678034613778E-5
25-29	4.2216701812191823E-4
30-34	4.004058316207884E-4
35-39	0.0013361368511693702
40-44	6.65892306934572E-4
45-49	0.0013912651903055654
50-54	0.0023110380064199853
55-59	0.005540398083187649
60-64	3.6268644168549675E-4
65-69	0.005332941438543544
70-74	0.016323791367380838
75-79	0.0060554128303810534
80-84	8.559400023777724E-5
85-89	1.552297970413926E-4
90-94	0.0
95-99	0.0
100-101	0.0
>>END_MODULE
>>Sequence Length Distribution	pass
#Length	Count
101	1.3786013E7
>>END_MODULE
>>Sequence Duplication Levels	fail
#Total Duplicate Percentage	77.89015636400177
#Duplication Level	Relative count
1	100.0
2	52.255616811903494
3	44.48989270259055
4	40.00632323591598
5	34.45373169719604
6	27.681941233426205
7	21.184816329756753
8	15.983954788863201
9	11.670322287430592
10++	47.47564566166736
>>END_MODULE
>>Overrepresented sequences	pass
>>END_MODULE
>>Kmer Content	fail
#Sequence	Count	Obs/Exp Overall	Obs/Exp Max	Max Obs/Exp Position
AAAAA	40747375	10.961756	14.821864	95-97
CTGGG	7308810	6.925599	318.1394	3
CCTGG	3863635	4.9291983	226.74776	5
TGGGG	6843810	4.8165836	217.9748	4
GGGGG	6881715	4.6056905	133.66682	5
TTTTT	4459310	3.8377893	4.9255	95-97
TGCCT	2797730	3.7534368	237.95673	3
GCCTG	2865870	3.6562567	226.17476	4
CAGGG	4706590	3.5343573	125.07373	3
GGGGA	6223760	3.471262	83.243774	5
GCTTC	2559310	3.4335723	171.09767	3
TGCCA	2543130	2.7038667	118.524185	3
CCAGG	2664685	2.6941357	113.11963	5
GCATC	2523175	2.6826503	140.8659	3
CTTCT	1745425	2.462451	63.003246	4
CTGCC	1400640	2.4058928	90.064964	2
CTTCC	1305380	2.357924	77.10488	4
CTCTG	1744075	2.3398523	57.7193	7
GCTGG	2424400	2.2972856	112.60925	2
GGGCA	3054705	2.2938938	45.712906	5
TTGCC	1688985	2.2659435	80.66679	2
GCCAG	2219835	2.244369	112.759315	4
AGGGG	4021040	2.2427092	76.984726	4
CTTCA	2001835	2.2381442	45.67359	4
TCTCT	1586120	2.2377028	60.800568	6
GGGGC	2482670	2.237106	29.800417	5
TCTGG	2173790	2.1660645	63.964504	2
TTCTC	1505380	2.1237946	48.70526	5
GTGCC	1648535	2.1031892	100.26714	2
ATGCC	1962360	2.0863895	105.343315	2
CCCTG	1194645	2.052053	58.574932	7
GGGGT	2839190	1.9981847	47.77837	5
TGCTG	1988720	1.9816521	32.47347	1
TGGGC	2038715	1.9318224	62.198948	4
TTTGC	1829790	1.9173355	16.725864	1
GCTGC	1491635	1.9030174	14.250011	1
CACTG	1781385	1.8939762	42.469234	7
CATCT	1687125	1.8862839	53.991634	4
TTCCC	1043825	1.8854738	51.355053	5
CATCC	1289675	1.846148	61.874672	4
TGCTT	1742030	1.8253767	27.388546	2
TCCCT	1009705	1.8238425	61.596344	6
GGGAA	3910815	1.8177673	27.812243	6
TTCAA	2553205	1.7669017	5.652096	5
GGCTT	1763225	1.7569584	36.894955	2
ACTGG	2208990	1.7443793	56.58961	2
CATGG	2199280	1.7367116	30.570776	5
CCCAG	1259725	1.7148213	31.448408	7
CTTGC	1271225	1.7054765	23.764322	1
TGCAT	2022015	1.6790925	32.185993	3
ATGGG	2857670	1.6760604	58.77551	3
TTCAC	1498555	1.6754539	36.423557	5
CATCA	1886355	1.6713853	36.960262	4
AGCTT	2005670	1.6655195	30.92594	2
TTGCA	1995570	1.6571324	12.625332	2
TCTGC	1234500	1.6562063	24.020237	1
TTGCT	1567600	1.6426011	5.4954376	1
CTGCA	1541145	1.638552	8.568314	2
TTCTG	1562570	1.6373305	15.4803	1
TCCCA	1134125	1.623481	33.130978	6
TCACT	1438545	1.6083599	44.637096	6
TTCCA	1438110	1.6078736	15.608857	5
TCCTG	1190730	1.5974844	34.06085	1
CAAGG	2550700	1.5962466	14.470773	5
CTGCT	1160475	1.5568942	6.8205047	1
GGGAG	2714235	1.513847	16.2766	6
CAGCT	1421210	1.5110365	7.7160788	1
CAGCA	1792580	1.5103885	6.2678647	1
ATCTC	1342610	1.5011002	42.46279	5
GCAGG	1988330	1.4931126	37.91996	2
AGCTG	1884710	1.4883041	18.509855	1
TGCAG	1882915	1.4868867	13.6125555	1
GGCTG	1567475	1.4852902	26.168613	1
CCTGC	852245	1.4639093	14.671314	1
GGGCT	1538930	1.4582417	13.085469	5
GGCAT	1831580	1.4463488	29.895555	2
CGCTG	1128550	1.4397961	45.44684	1
TCTCA	1276370	1.4270407	32.718437	6
GGCAG	1899560	1.4264517	10.021331	6
TGCAA	2163660	1.4238775	15.183592	3
GCAAG	2270385	1.4208235	14.395873	4
GGAAA	3646775	1.4125911	7.689745	7
CCATG	1321695	1.4052317	22.747986	7
GGAAG	3016890	1.4022664	9.93243	7
GGCAA	2236660	1.3997179	12.668456	6
TGGCT	1400760	1.3957816	8.06831	1
GCATG	1734855	1.3699677	30.407124	4
TCCAT	1207315	1.3498342	23.944687	6
AGCAG	2153030	1.3473818	8.40091	1
CTCAG	1266910	1.3469843	31.156858	7
CACAG	1577385	1.3290699	22.41949	7
CATGC	1246105	1.3248643	27.796875	1
CGTGC	1033110	1.3180344	26.200775	1
ACTGC	1234045	1.312042	24.6737	1
GGGAC	1744970	1.3103641	19.844181	6
GGGAT	2221170	1.302745	20.032019	6
GGGCC	1072175	1.3007767	9.462904	7
TGTGC	1305210	1.3005712	22.643211	1
ATTGC	1563340	1.2982063	23.280005	1
TTCAG	1534240	1.2740414	8.682743	1
TCACA	1424540	1.2621989	23.592258	6
TCCAA	1411240	1.2504147	5.3202147	6
CGCTT	929865	1.2475075	37.139942	2
GGGTG	1761905	1.2400055	11.451276	6
GAGCT	1561095	1.2327541	6.1345606	1
TCAGG	1550620	1.2244824	31.334246	2
AAGCA	2343680	1.2222931	6.765119	1
TCCAG	1146485	1.2189479	12.560303	1
AATGC	1840170	1.2109928	28.271366	1
AAGCT	1833530	1.2066231	8.925279	1
GATGC	1526640	1.205546	19.773947	1
ATGCA	1829610	1.2040434	15.330648	2
ATCCC	833485	1.1931198	41.432125	5
GTTGC	1197365	1.1931095	13.95921	1
AACTG	1797725	1.1830604	9.404412	1
CAATG	1785090	1.1747454	8.005726	7
GGTGC	1238405	1.1734737	20.11502	1
GTGCA	1477660	1.1668679	12.934383	2
ATCAC	1300670	1.1524452	30.211967	5
TGGCA	1449515	1.1446425	6.8900266	1
GTGCT	1132680	1.1286544	6.666198	1
AGGGC	1499050	1.1256936	18.886187	4
TCATG	1348180	1.1195362	10.082171	1
GGGTT	1510370	1.1178089	12.342016	6
ACCTG	1050640	1.117045	23.075989	1
ATCCA	1255085	1.1120551	12.498333	5
GTCTG	1107890	1.1039526	16.911915	1
GGCAC	1090685	1.1027395	12.529068	6
CGCAG	1088640	1.1006719	11.611964	1
ATGCT	1308115	1.0862659	7.8286567	1
AGCAT	1639155	1.0787073	24.816914	2
ACAGG	1721690	1.0774461	23.571064	2
TCAAT	1535980	1.0629486	8.448546	6
TCGCT	789020	1.0585499	9.388776	1
GATGG	1791915	1.0509814	15.699352	2
AAGGG	2256015	1.0486077	10.706745	6
CCGCA	764050	1.0400755	7.0341277	1
GGATG	1769710	1.0379578	7.7383184	7
GGATT	1676140	1.0337869	5.008414	7
AGTGC	1306170	1.0314468	24.42019	1
ATCTG	1241790	1.0311893	12.47313	1
GGGTC	1084360	1.0275055	12.411473	6
AGGCA	1631935	1.0212767	7.291601	1
TGGGA	1738125	1.0194329	20.057892	4
ACCAG	1206415	1.0164987	10.148166	1
TGGGT	1358510	1.005419	20.048649	4
AGGCT	1260350	0.995264	9.581873	1
GGAAC	1558015	0.975017	5.4882174	7
ATCAG	1467660	0.9658486	6.815818	1
GGACA	1529940	0.95744747	5.8730574	7
GGATC	1209505	0.9551132	5.8675194	7
TCTCG	708135	0.9500345	7.4153004	5
AGGGA	2040350	0.9483654	6.4220123	4
CGCAT	884275	0.94016486	30.177898	2
AATGG	1906095	0.93166256	6.814031	2
GACTG	1177660	0.92996603	11.913813	1
TACTG	1119660	0.9297719	18.26915	1
ACATG	1409920	0.9278508	7.0381365	1
TTCTA	1056690	0.9227433	8.78752	5
CGATG	1152555	0.9101413	7.157563	1
GGGCG	1000995	0.90198535	9.558087	5
CGGCT	702070	0.89569604	12.4300585	1
CGGCA	870290	0.8799087	10.805675	1
TCGCA	818395	0.87012106	8.037582	1
GGACG	1147015	0.86133707	5.110999	7
CTCGG	663250	0.84616977	13.430751	6
CCGCT	486965	0.83646446	7.6862445	1
GCGCT	648655	0.8275496	8.543692	1
TATGC	989275	0.8214995	23.809628	1
GTCAG	990545	0.7822064	6.453459	1
GCGCA	773450	0.7819984	6.3983097	1
TATGG	1250955	0.7715471	14.640957	2
GGGTA	1308710	0.7675754	12.914928	6
CTATG	913875	0.7588869	13.167957	7
TAGCA	1148595	0.755876	6.6934795	1
CACGG	736695	0.74483716	16.754295	6
TACAG	1130715	0.7441094	7.903129	1
TCTAT	847705	0.7402494	13.847185	6
TCACG	648385	0.6893657	7.7317553	5
AGGGT	1154695	0.6772436	5.8087616	4
ACTCG	636540	0.67677206	5.302659	5
ACGCA	798550	0.67284065	8.023161	1
TAGCT	772130	0.64118105	7.451391	1
CGGGC	527795	0.6403279	8.445	8
ACGCT	601265	0.6392675	10.367578	1
CGGGG	707155	0.6372095	20.494707	8
ATCTA	872640	0.60389555	7.1371927	5
ACACG	699110	0.5890547	7.811685	5
TCGGG	606930	0.5751079	11.207	7
ACGGG	730870	0.5488381	16.747866	7
TAGGG	519815	0.30487823	5.5611787	7
>>END_MODULE
