##FastQC	0.10.1
>>Basic Statistics	pass
#Measure	Value	
Filename	Acer-074_S45_L001_R1_001.fastq.gz	
File type	Conventional base calls	
Encoding	Sanger / Illumina 1.9	
Total Sequences	10027271	
Filtered Sequences	0	
Sequence length	101	
%GC	39	
>>END_MODULE
>>Per base sequence quality	pass
#Base	Mean	Median	Lower Quartile	Upper Quartile	10th Percentile	90th Percentile
1	36.22121821580368	37.0	37.0	37.0	37.0	37.0
2	36.30304536498515	37.0	37.0	37.0	37.0	37.0
3	36.2636117045206	37.0	37.0	37.0	37.0	37.0
4	36.28326780038158	37.0	37.0	37.0	37.0	37.0
5	36.436587282821016	37.0	37.0	37.0	37.0	37.0
6	36.48288981119589	37.0	37.0	37.0	37.0	37.0
7	36.507765672235244	37.0	37.0	37.0	37.0	37.0
8	36.49283498969959	37.0	37.0	37.0	37.0	37.0
9	36.51546417764116	37.0	37.0	37.0	37.0	37.0
10-14	36.394880700840744	37.0	37.0	37.0	37.0	37.0
15-19	36.33405607567603	37.0	37.0	37.0	37.0	37.0
20-24	36.32879087440641	37.0	37.0	37.0	37.0	37.0
25-29	36.23773973995517	37.0	37.0	37.0	37.0	37.0
30-34	36.18503590857373	37.0	37.0	37.0	37.0	37.0
35-39	36.13009136783079	37.0	37.0	37.0	37.0	37.0
40-44	36.03880641103646	37.0	37.0	37.0	37.0	37.0
45-49	35.936030511192925	37.0	37.0	37.0	37.0	37.0
50-54	35.884379289240314	37.0	37.0	37.0	37.0	37.0
55-59	35.79741325431415	37.0	37.0	37.0	37.0	37.0
60-64	35.67921535181407	37.0	37.0	37.0	37.0	37.0
65-69	35.60434062268787	37.0	37.0	37.0	37.0	37.0
70-74	35.49285688997535	37.0	37.0	37.0	37.0	37.0
75-79	35.39266554180095	37.0	37.0	37.0	37.0	37.0
80-84	35.22465606045752	37.0	37.0	37.0	32.2	37.0
85-89	35.15561260885439	37.0	37.0	37.0	27.4	37.0
90-94	35.05205164994543	37.0	37.0	37.0	25.0	37.0
95-99	34.89797511207187	37.0	37.0	37.0	25.0	37.0
100-101	34.76665465608738	37.0	37.0	37.0	25.0	37.0
>>END_MODULE
>>Per sequence quality scores	pass
#Quality	Count
15	4.0
16	26.0
17	67.0
18	125.0
19	270.0
20	585.0
21	1598.0
22	3906.0
23	10279.0
24	20276.0
25	32434.0
26	44383.0
27	59723.0
28	77511.0
29	105406.0
30	136448.0
31	185089.0
32	240624.0
33	333187.0
34	476054.0
35	893677.0
36	5782646.0
37	1622953.0
>>END_MODULE
>>Per base sequence content	fail
#Base	G	A	T	C
1	20.890810953613943	29.942327083762958	25.763013569751685	23.403848392871414
2	29.652176619856412	26.594205457877056	21.34877937962398	22.404838542642548
3	19.970838357333847	12.43080841778142	27.077702214150577	40.52065101073416
4	26.99095914987786	17.3348964049519	35.47366106311143	20.200483382058817
5	47.1737025956514	13.185162742684426	12.467270506601446	27.173864155062727
6	47.18493197201911	6.69483252222863	20.121636285685305	25.998599220066954
7	47.424309272370934	13.85907125900496	18.662889892465053	20.05372957615905
8	60.028213062977265	12.474861053905999	11.346707528569592	16.15021835454715
9	47.8072336690541	24.929702885674725	7.586373823773076	19.6766896214981
10-14	42.06624470809027	28.36344341287446	17.057975732943945	12.512336146091323
15-19	22.632844178813354	40.87265422201741	21.40699327780866	15.087508321360573
20-24	21.107753067555635	41.37308917029757	23.220645800682362	14.298511961464436
25-29	19.723866534700594	40.88654410778273	24.14678376175834	15.242805595758332
30-34	19.73271382026741	40.240778360524295	23.64691544923174	16.379592369976553
35-39	19.90486974735618	39.8780660823177	23.83345505968095	16.38360911064517
40-44	19.85003032950133	39.81850049317852	23.74276976681269	16.588699410507466
45-49	20.25429642438599	39.71073440152339	23.47332338896614	16.56164578512448
50-54	20.51400894131003	39.63295099951713	23.216828732905785	16.636211326267063
55-59	20.125588289942158	39.799533866022735	23.21680116879569	16.858076675239417
60-64	19.910570358052656	40.45378373814052	23.216608495427042	16.419037408379776
65-69	20.257748048732182	40.17982758778543	23.05597830855728	16.506446054925107
70-74	19.901967173799253	40.22075868464828	23.350633138228016	16.52664100332445
75-79	19.674463053432557	40.5748793022148	23.535461731361956	16.21519591299068
80-84	19.68993013108084	40.86712559018849	23.541130756862795	15.901813521867872
85-89	20.037575979903096	40.60502170444064	23.18427508508608	16.17312723057018
90-94	20.05874379978361	40.69550728209101	23.077148308846944	16.168600609278435
95-99	20.492520846399785	40.21170067109984	23.20354361620425	16.092234866296124
100-101	20.312705221590203	40.18193983188446	23.351403387821072	16.153951558704257
>>END_MODULE
>>Per base GC content	fail
#Base	%GC
1	44.29465934648535
2	52.05701516249896
3	60.491489368067995
4	47.19144253193667
5	74.34756675071412
6	73.18353119208606
7	67.47803884852999
8	76.17843141752441
9	67.4839232905522
10-14	54.57858085418159
15-19	37.720352500173924
20-24	35.406265029020076
25-29	34.966672130458925
30-34	36.11230619024396
35-39	36.28847885800135
40-44	36.438729740008796
45-49	36.815942209510474
50-54	37.15022026757709
55-59	36.983664965181575
60-64	36.32960776643243
65-69	36.76419410365729
70-74	36.4286081771237
75-79	35.88965896642324
80-84	35.59174365294871
85-89	36.21070321047328
90-94	36.22734440906205
95-99	36.5847557126959
100-101	36.46665678029446
>>END_MODULE
>>Per sequence GC content	fail
#GC Content	Count
0	870.0
1	799.0
2	664.0
3	1384.5
4	10174.0
5	43510.5
6	105263.5
7	167865.5
8	201911.5
9	200241.0
10	169241.0
11	123996.0
12	81753.5
13	52673.0
14	36395.5
15	28066.0
16	23708.5
17	20824.0
18	18923.5
19	17720.0
20	16807.5
21	16695.0
22	17480.0
23	18866.5
24	21344.0
25	25637.5
26	31868.5
27	40592.0
28	52093.0
29	67663.0
30	89032.0
31	115107.5
32	143391.0
33	171348.0
34	200718.5
35	231652.0
36	262632.0
37	296069.0
38	327784.5
39	355873.5
40	383608.5
41	404215.0
42	413300.5
43	415339.5
44	413764.5
45	411447.5
46	408242.5
47	398328.0
48	372078.0
49	327979.0
50	281746.0
51	250158.0
52	230525.5
53	202908.0
54	164569.0
55	135820.0
56	120617.0
57	108527.0
58	97870.5
59	86723.0
60	75475.0
61	65950.5
62	58494.0
63	54491.5
64	51448.5
65	45943.0
66	38027.0
67	29935.5
68	27123.5
69	29553.5
70	31340.0
71	31036.0
72	25618.0
73	15377.0
74	6605.0
75	2452.0
76	1010.0
77	470.0
78	294.5
79	210.0
80	103.5
81	53.0
82	39.5
83	38.5
84	35.5
85	28.5
86	17.5
87	20.5
88	22.5
89	12.5
90	10.5
91	10.0
92	5.5
93	4.5
94	7.5
95	8.0
96	7.0
97	6.0
98	7.0
99	6.5
100	1.0
>>END_MODULE
>>Per base N content	pass
#Base	N-Count
1	0.0401106143436235
2	0.04241433187554221
3	0.003999094070560176
4	5.9836819010875444E-5
5	0.0
6	0.0
7	1.8948326020110556E-4
8	9.97280316847924E-6
9	0.001874886995674097
10-14	3.071623375891606E-4
15-19	6.442430846837589E-4
20-24	3.789665204022112E-5
25-29	4.72710870185916E-4
30-34	4.0888492990764886E-4
35-39	0.0013443338671110016
40-44	7.000907824272427E-4
45-49	0.0015358116879458032
50-54	0.002385494517900234
55-59	0.00538531371097879
60-64	3.6301003533264434E-4
65-69	0.005321487770700522
70-74	0.016044245737449402
75-79	0.005734361821875563
80-84	8.377154661522563E-5
85-89	1.4161380499240521E-4
90-94	0.0
95-99	0.0
100-101	0.0
>>END_MODULE
>>Sequence Length Distribution	pass
#Length	Count
101	1.0027271E7
>>END_MODULE
>>Sequence Duplication Levels	fail
#Total Duplicate Percentage	79.43920962541962
#Duplication Level	Relative count
1	100.0
2	36.46264826527107
3	26.371516902746066
4	24.60950918385904
5	24.166986603083515
6	23.76285639232961
7	22.77071672492877
8	20.65307442057831
9	18.27274747923781
10++	107.06015478187072
>>END_MODULE
>>Overrepresented sequences	pass
>>END_MODULE
>>Kmer Content	fail
#Sequence	Count	Obs/Exp Overall	Obs/Exp Max	Max Obs/Exp Position
AAAAA	113475765	15.278691	18.289135	95-97
CTGGG	5088795	11.4723625	541.55743	3
CCTGG	2596905	8.070234	392.3611	5
TGGGG	4756540	7.779234	356.6263	4
GGGGG	4293675	6.946355	203.96751	5
TTTTT	3705230	6.328962	7.9056587	80-84
GCCTG	1877935	5.835938	391.4578	4
TGCCT	1852470	5.8196807	395.64664	3
GCTTC	1630045	5.120915	288.15588	3
GGGGA	4659565	4.5848403	117.56597	5
CAGGG	3339505	4.52953	164.8426	3
TTTTC	1717590	4.000471	5.2247553	90-94
CTGCC	840375	3.599941	159.86949	2
TTCTT	1501480	3.4971251	4.222637	60-64
TTGCC	1112720	3.4956977	137.74515	2
TTTTG	2061665	3.4835136	4.25005	95-97
CTCTG	1106985	3.477681	95.34708	7
CTTCC	802960	3.4772356	132.77911	4
TTTCT	1480795	3.448947	4.2648807	90-94
CTTCT	1081255	3.4339507	100.46795	4
TCTCT	1078415	3.424931	96.48864	6
CTTTT	1450390	3.3781304	4.111297	50-54
GCTGG	1484495	3.346699	190.50017	2
CCAGG	1784810	3.3369925	153.66452	5
TCTGG	1459255	3.32573	104.162346	2
GGGGC	1479830	3.300136	56.963715	5
TCTTT	1392240	3.2426922	3.9795232	60-64
TTCTC	1020710	3.241666	76.83047	5
CCGTC	754945	3.2339818	9.767492	50-54
GTGCC	1033245	3.2109487	173.84097	2
TTTGT	1900065	3.210464	4.155956	20-24
GTTTT	1887740	3.189639	3.9514277	20-24
TGCCA	1681520	3.1782138	154.7263	3
CCCTG	724840	3.1050203	104.74462	7
GGGGT	1893610	3.0969646	77.02533	5
GCATC	1618575	3.059243	182.67888	3
TGGGC	1310870	2.9552722	103.80811	4
TTCCC	659875	2.857603	87.804054	5
TCCCT	646375	2.7991407	105.92441	6
AGGGG	2844255	2.7986422	97.106125	4
GGGCA	2051325	2.78231	59.605473	5
TTTGC	1200300	2.7654352	27.171894	1
TGCTG	1166640	2.6588428	53.641582	1
GCCAG	1419505	2.6539955	153.12242	4
TCTCC	607015	2.6286917	6.4826736	50-54
TGCTT	1109105	2.5553262	44.4373	2
GGCTT	1101720	2.5108857	60.13882	2
CTTCA	1288460	2.4618976	57.065617	4
TCCGT	770165	2.4195344	6.1311164	50-54
ATGCC	1265795	2.3924587	135.45316	2
GCTGC	762985	2.3710792	24.654188	1
CTTGC	739920	2.3245173	40.219124	1
TTGCT	1008170	2.3227766	9.127377	1
CTCCG	540800	2.3166423	7.4051223	45-49
TCTGC	721460	2.2665236	40.818386	1
CACTG	1178190	2.2268784	54.965267	7
TTCTG	961795	2.215931	24.130182	1
CATCT	1150985	2.1992202	66.29115	4
TCCTG	694310	2.1812298	55.900555	1
CTTGG	954205	2.1746907	7.4187646	6
GTCCC	496640	2.1274724	5.783977	55-59
GGCTG	939920	2.1189892	44.210674	1
ACTGG	1530890	2.0990992	71.86631	2
GGCCC	494400	2.094994	6.354287	8
ATGGG	2049715	2.0388732	73.84601	3
CGTGC	654540	2.0340717	45.033676	1
GGGCT	898820	2.0263321	21.3714	5
CATCC	776565	2.0232577	81.87588	4
CCCAG	779155	2.0080721	42.911964	7
TGGCT	877815	2.0005932	13.023227	1
CATGG	1451260	1.9899133	39.74809	5
TTCAC	1021265	1.9513605	45.039642	5
GGGAA	3258630	1.9501362	34.09944	6
CGCTG	627415	1.9497774	75.81937	1
CTGCT	620110	1.9481245	11.799195	1
TCACT	988605	1.8889561	55.54154	6
TGTGC	815345	1.8582203	37.60176	1
CCTGC	433140	1.8554555	25.680298	1
GGCTC	595600	1.8509076	6.845434	6
TCCCA	706440	1.8405542	43.44385	6
CGCTT	585490	1.8393632	62.67809	2
TGCAT	1322100	1.8326145	40.10595	3
GGGCC	594660	1.82802	13.778221	5
GGGTG	1099565	1.7983185	16.804226	6
GGGAG	1811465	1.7824148	19.236032	6
GGGAC	1297335	1.7596374	24.89976	6
TTCCA	920050	1.757966	19.528145	5
TTGCA	1262110	1.7494601	15.796356	2
GGGTT	1056370	1.7465445	20.998571	6
GGTTT	1041190	1.7402493	6.690673	7
AGCTT	1226435	1.7000095	36.705948	2
CTGCA	896830	1.695084	11.662831	2
GTTGC	734840	1.6747446	23.436943	1
CGTCC	389505	1.6685349	5.0758367	55-59
GCAGG	1227020	1.6642658	49.185154	2
GTCTG	718395	1.6372654	27.240038	1
GGTGC	720480	1.6242759	33.940117	1
TCTCA	848010	1.6203171	40.04862	6
ATCTC	847710	1.6197437	52.050644	5
CATGC	844975	1.5970739	36.331635	1
GGCAT	1160505	1.5912409	38.011097	2
GGGAT	1594540	1.5861057	24.748358	6
CTCAG	812260	1.5352398	39.639744	7
GGCAG	1130410	1.533229	12.004877	6
AGCTG	1111035	1.5234095	23.581562	1
GGGTC	674465	1.5205382	18.396814	6
TTCCG	483735	1.5196918	5.099336	30-34
CCATG	803685	1.5190321	29.73347	7
GTGCT	662355	1.5095468	10.890484	1
CAGCT	795830	1.5041856	9.91705	1
TTCAA	1760955	1.4845889	5.288174	5
TCCAT	776915	1.4844738	30.048975	6
GCATG	1069335	1.4662322	39.531303	4
CCCGT	341860	1.4644367	7.256361	55-59
TCGCT	463240	1.4553051	15.846115	1
TGGGT	878415	1.4523232	33.224575	4
ATTGC	1047505	1.4519875	28.588387	1
ACTGC	753810	1.4247644	31.682272	1
CATCA	1230600	1.4146504	35.723072	4
GGTTG	854785	1.4132549	6.935911	7
TGCAG	1030055	1.4123728	16.782555	1
TCAGG	1010890	1.3860946	39.546528	2
TTCAG	969765	1.3442293	10.480796	1
ATCCC	500860	1.3049372	54.588627	5
TCCAG	688615	1.3015404	16.18562	1
CAAGG	1571205	1.2961491	14.863837	5
GGAGG	1311610	1.290576	5.1848054	7
GAGCT	934785	1.2817421	7.50513	1
ACCTG	670640	1.2675661	29.575014	1
TGCAA	1516585	1.264756	14.961455	3
GGGCG	564775	1.2594922	14.326909	5
TGGGA	1263640	1.256956	30.527992	4
AGGGC	923915	1.25315	24.415365	4
TCTCG	392400	1.2327557	12.939697	5
GGAAG	2046105	1.2244971	8.796812	7
GGTTC	529035	1.2057027	5.834872	7
GTGCA	877260	1.202866	16.620916	2
GCAAG	1457035	1.2019658	14.785173	4
CAGCA	1051480	1.195681	6.2175775	1
TCATG	860295	1.1924886	11.608398	1
GGCAA	1435640	1.184316	12.932158	6
CGGCT	379985	1.1808548	22.163881	1
GATGC	858975	1.1777942	24.861366	1
TTCTA	834050	1.1687372	10.457356	5
GGCAC	623215	1.1652017	16.055803	6
GATGG	1161770	1.155625	19.886152	2
GGATT	1148425	1.154828	6.6310396	7
ATCTG	824300	1.1425943	15.266382	1
CACAG	1004145	1.1418544	22.311657	7
TGGCA	827965	1.1352745	8.667803	1
ATGCT	816630	1.1319627	9.701024	1
CCAAG	993260	1.1294765	5.0064316	7
TCACA	982340	1.1292603	22.612782	6
CGCAG	600490	1.1227137	15.198541	1
GGACG	824450	1.1182408	5.6735377	7
CCGCA	431390	1.1117971	10.0011425	1
CTCGG	353690	1.0991397	24.771374	6
AGCAG	1329335	1.0966209	8.152214	1
AGTGC	797990	1.0941739	30.60818	1
GGATG	1073270	1.0675931	8.457213	7
CCGCT	246305	1.0551046	14.144853	1
ATGCA	1262205	1.0526158	14.924294	2
GGAAA	2889525	1.0517375	9.912552	7
AACTG	1258190	1.0492676	8.875948	1
TACTG	756180	1.0481706	22.337454	1
AGGCT	763450	1.046814	11.685961	1
AATGC	1252670	1.044664	26.084227	1
ATCAC	900580	1.035272	29.047573	5
GCGCT	332945	1.0346717	14.787988	1
CGGGG	458565	1.0226356	38.842464	8
CAATG	1225840	1.0222893	7.7868586	7
TTGGG	613325	1.0140381	7.816331	7
TCCAA	882075	1.0139995	5.1453	6
GGATC	737890	1.011767	7.3062057	7
GACTG	730780	1.0020181	15.033553	1
AAGGG	1669410	0.99906296	10.704834	6
AGGGA	1643640	0.9836409	7.7876554	4
CGCAT	519285	0.9814922	38.771255	2
TCGGG	433640	0.9776136	20.24896	7
AAGCT	1168910	0.9748124	7.959532	1
GCACT	514790	0.9729963	5.1937556	7
GGTCC	311570	0.968246	5.354872	6
CGGGC	307580	0.9455191	15.525756	8
TCAAT	1113360	0.938628	7.9136147	6
ACAGG	1111630	0.91702753	23.140978	2
GGGTA	919945	0.91507906	15.983849	6
TATGC	657035	0.91074187	29.444855	1
ATCCA	776190	0.8922781	11.959553	5
TATGG	878785	0.8836846	18.037645	2
GGAAC	1068825	0.8817159	5.6235127	7
ACCAG	775195	0.881506	10.186008	1
TCGCA	464780	0.8784732	10.31887	1
AGCAT	1045435	0.8718405	22.834152	2
CACGG	462185	0.86413	23.971725	6
CGATG	625305	0.8573948	8.857478	1
GGACT	616715	0.84561646	5.8924446	7
ACATG	992725	0.82788306	6.5909824	1
GTCAG	600825	0.82382876	8.152021	1
AGGCA	996050	0.8216809	7.211666	1
TCTAT	584630	0.81923	16.138966	6
CTATG	589205	0.8167201	15.95585	7
GGACA	976965	0.80593693	6.0007873	7
CGGCA	428405	0.8009728	14.605954	1
GGAAT	1307295	0.7908996	5.061284	7
AGGGT	794765	0.79056114	7.464607	4
ATCAG	947900	0.7905012	6.547671	1
AATGG	1285065	0.77745074	6.583575	2
ACTCG	409495	0.77398	7.245078	5
TCACG	395040	0.74665886	10.753038	5
ACGCT	391685	0.7403175	13.219676	1
GCGCA	387550	0.72458774	8.535794	1
TAGCT	502185	0.6960982	8.873487	1
ACGGG	504285	0.6839858	23.79005	7
TAGCA	793025	0.6613431	6.056271	1
TACAG	711585	0.5934263	7.5098257	1
ACACG	491835	0.55928576	8.095166	5
ACGCA	469105	0.5334385	7.663102	1
ATCTA	602105	0.5076099	6.302142	5
TAGGG	371450	0.36948523	7.4176087	7
CTAGG	268210	0.36775953	6.2621775	6
>>END_MODULE
