##FastQC	0.10.1
>>Basic Statistics	pass
#Measure	Value	
Filename	Acer-089_S50_L001_R1_001.fastq.gz	
File type	Conventional base calls	
Encoding	Sanger / Illumina 1.9	
Total Sequences	6642725	
Filtered Sequences	0	
Sequence length	101	
%GC	40	
>>END_MODULE
>>Per base sequence quality	pass
#Base	Mean	Median	Lower Quartile	Upper Quartile	10th Percentile	90th Percentile
1	36.143212010131386	37.0	37.0	37.0	37.0	37.0
2	36.258602154989106	37.0	37.0	37.0	37.0	37.0
3	36.22315811658619	37.0	37.0	37.0	37.0	37.0
4	36.25444798633091	37.0	37.0	37.0	37.0	37.0
5	36.40423124546026	37.0	37.0	37.0	37.0	37.0
6	36.45308679796319	37.0	37.0	37.0	37.0	37.0
7	36.48352927450707	37.0	37.0	37.0	37.0	37.0
8	36.461500965341784	37.0	37.0	37.0	37.0	37.0
9	36.48534735368392	37.0	37.0	37.0	37.0	37.0
10-14	36.38028685516863	37.0	37.0	37.0	37.0	37.0
15-19	36.33702009341046	37.0	37.0	37.0	37.0	37.0
20-24	36.336304754449415	37.0	37.0	37.0	37.0	37.0
25-29	36.24843768182485	37.0	37.0	37.0	37.0	37.0
30-34	36.195923811387644	37.0	37.0	37.0	37.0	37.0
35-39	36.14150548156066	37.0	37.0	37.0	37.0	37.0
40-44	36.0554832843449	37.0	37.0	37.0	37.0	37.0
45-49	35.940894015633646	37.0	37.0	37.0	37.0	37.0
50-54	35.879977027500004	37.0	37.0	37.0	37.0	37.0
55-59	35.77761840208649	37.0	37.0	37.0	37.0	37.0
60-64	35.62016470650222	37.0	37.0	37.0	37.0	37.0
65-69	35.52076531844988	37.0	37.0	37.0	37.0	37.0
70-74	35.38386791565209	37.0	37.0	37.0	37.0	37.0
75-79	35.24494104452615	37.0	37.0	37.0	29.8	37.0
80-84	35.0262586814899	37.0	37.0	37.0	25.0	37.0
85-89	34.955472942203684	37.0	37.0	37.0	25.0	37.0
90-94	34.846966117067915	37.0	37.0	37.0	25.0	37.0
95-99	34.65265640230477	37.0	37.0	37.0	25.0	37.0
100-101	34.497775084773195	37.0	37.0	37.0	25.0	37.0
>>END_MODULE
>>Per sequence quality scores	pass
#Quality	Count
14	1.0
15	9.0
16	20.0
17	65.0
18	142.0
19	266.0
20	447.0
21	1065.0
22	2471.0
23	5706.0
24	10822.0
25	18376.0
26	26154.0
27	37273.0
28	51655.0
29	73545.0
30	100161.0
31	140755.0
32	187259.0
33	263034.0
34	370014.0
35	645141.0
36	3579989.0
37	1128355.0
>>END_MODULE
>>Per base sequence content	fail
#Base	G	A	T	C
1	20.836595031295737	30.008288904464052	25.837316394892806	23.31779966934741
2	29.570415457880788	26.80377359570369	21.4711547280565	22.15465621835903
3	20.077227226714857	13.76951907692252	26.169142349930958	39.98411134643166
4	26.08866548642725	18.0476672206566	35.55775345039381	20.30591384252234
5	47.50177073414901	13.487793036743204	12.736881325058617	26.273554904049167
6	47.52972612896063	7.228584654640979	20.219698994012248	25.021990222386144
7	47.735789237889584	14.055433985396327	18.013787139951273	20.194989636762816
8	58.350836193103916	13.304993553849295	12.379755654457417	15.964414598589375
9	48.12755274013239	24.496655459738232	7.504165903287816	19.87162589684156
10-14	42.153634525585154	27.891350445452407	16.21891098198906	13.736104046973377
15-19	22.915747297019365	41.00531691595691	19.47027327231243	16.608662514711295
20-24	21.506999237059976	42.43636195030834	20.37466858475529	15.681970227876397
25-29	20.033611023563065	42.50983666043346	20.867705392637237	16.58884692336624
30-34	19.989179708843903	42.284507359110705	20.24522300012489	17.481089931920504
35-39	19.874897435443494	42.31885861862027	20.278269850795596	17.527974095140646
40-44	19.88883903292572	42.23768697127794	20.1003406540909	17.773133341705442
45-49	20.13470062873782	42.42041298750786	19.98644936676999	17.458437016984327
50-54	20.35442433970647	41.96637902389658	19.912837628785585	17.766359007611367
55-59	19.89771014886623	42.094352514702784	19.84886620598637	18.159071130444612
60-64	19.914644405533252	43.074244186622415	19.680510856978344	17.33060055086598
65-69	20.522582749921604	42.79734125939251	19.492842413871024	17.18723357681486
70-74	20.075275564431223	42.889010022950224	19.574944112008335	17.46077030061021
75-79	19.725550912666908	43.24512493931758	19.987258761882018	17.042065386133494
80-84	19.730858467839216	43.15761225904941	20.156548508151918	16.954980764959465
85-89	19.949251483926066	43.02505523192289	19.816808677847515	17.208884606303528
90-94	19.987182970844046	43.34757798945463	19.46367191175308	17.201567127948245
95-99	20.504103361195895	42.745683435638234	19.520573258715363	17.229639944450508
100-101	20.358211426786447	42.8321509621428	19.524494842101696	17.28514276896906
>>END_MODULE
>>Per base GC content	fail
#Base	%GC
1	44.15439470064314
2	51.72507167623981
3	60.061338573146514
4	46.39457932894959
5	73.77532563819817
6	72.55171635134677
7	67.9307788746524
8	74.31525079169329
9	67.99917863697395
10-14	55.889738572558535
15-19	39.524409811730656
20-24	37.18896946493637
25-29	36.6224579469293
30-34	37.47026964076441
35-39	37.40287153058414
40-44	37.66197237463116
45-49	37.593137645722145
50-54	38.12078334731784
55-59	38.05678127931085
60-64	37.24524495639924
65-69	37.70981632673646
70-74	37.53604586504144
75-79	36.7676162988004
80-84	36.685839232798685
85-89	37.15813609022959
90-94	37.18875009879229
95-99	37.7337433056464
100-101	37.64335419575551
>>END_MODULE
>>Per sequence GC content	fail
#GC Content	Count
0	891.0
1	782.0
2	672.5
3	1655.5
4	11565.5
5	47380.5
6	109000.5
7	166641.0
8	195649.0
9	192385.5
10	162912.5
11	120686.0
12	81723.5
13	54451.5
14	38165.0
15	28631.0
16	22629.5
17	18999.5
18	16681.0
19	14821.5
20	13469.0
21	12625.5
22	12460.5
23	12548.5
24	13006.0
25	14227.5
26	16068.0
27	19270.5
28	23745.5
29	29287.0
30	36452.5
31	45127.5
32	55587.0
33	66564.0
34	78120.0
35	90815.0
36	103223.0
37	116838.5
38	131583.5
39	143961.5
40	154691.0
41	164314.5
42	170000.5
43	173098.5
44	178809.5
45	184627.0
46	190103.0
47	197047.0
48	196678.5
49	184270.0
50	170985.0
51	165681.5
52	163680.0
53	162208.0
54	162380.0
55	166950.0
56	171309.5
57	172858.5
58	171918.0
59	164429.0
60	151377.0
61	134601.5
62	116750.0
63	98971.5
64	82247.0
65	66630.5
66	50277.0
67	36367.5
68	28101.5
69	24048.0
70	20825.5
71	17356.0
72	13019.5
73	7548.0
74	3488.0
75	1703.0
76	982.0
77	584.5
78	323.0
79	167.0
80	106.0
81	79.0
82	49.0
83	35.5
84	30.5
85	25.0
86	18.5
87	15.5
88	14.5
89	15.5
90	14.0
91	10.0
92	7.0
93	3.5
94	2.5
95	5.0
96	7.0
97	8.5
98	8.0
99	4.0
100	0.5
>>END_MODULE
>>Per base N content	pass
#Base	N-Count
1	0.037981400705282845
2	0.042121268003718355
3	0.003748461662947058
4	7.527031451700921E-5
5	0.0
6	0.0
7	1.9570281774422394E-4
8	1.5054062903401841E-5
9	0.0016258387935673988
10-14	2.6495150709987243E-4
15-19	5.96140890974713E-4
20-24	1.5054062903401841E-5
25-29	3.522650719396031E-4
30-34	3.0409207064871724E-4
35-39	0.0011952925945301063
40-44	5.058165135543019E-4
45-49	0.0012555088461437135
50-54	0.0020142336164751667
55-59	0.005202684139415677
60-64	3.0710288322939757E-4
65-69	0.004997948883929412
70-74	0.01577364711018445
75-79	0.005365268018772416
80-84	6.623787677496811E-5
85-89	1.2946494096925583E-4
90-94	0.0
95-99	0.0
100-101	0.0
>>END_MODULE
>>Sequence Length Distribution	pass
#Length	Count
101	6642725.0
>>END_MODULE
>>Sequence Duplication Levels	fail
#Total Duplicate Percentage	80.56088198306868
#Duplication Level	Relative count
1	100.0
2	33.304413428894755
3	18.47604677480196
4	14.172010562052057
5	12.947944172010562
6	12.504715201810637
7	12.685778951339117
8	12.834779328555262
9	13.615616748396832
10++	146.67483968313843
>>END_MODULE
>>Overrepresented sequences	pass
>>END_MODULE
>>Kmer Content	fail
#Sequence	Count	Obs/Exp Overall	Obs/Exp Max	Max Obs/Exp Position
AAAAA	109421455	17.277025	20.776012	85-89
CTGGG	3338935	12.282954	565.4139	3
TTTTT	1719515	8.933977	11.585013	45-49
CCTGG	1805610	8.667196	377.3113	5
TGGGG	3052510	8.605819	394.5813	4
GCTTC	1275970	7.136267	344.03882	3
TGCCT	1259810	7.045887	438.53433	3
GGGGG	2858695	6.9171476	207.15396	5
GCCTG	1348080	6.470984	376.35956	4
CTTCT	815875	5.3165536	139.54816	4
CTTCC	662250	4.8329506	145.14748	4
TTTTC	817525	4.756897	6.0357127	50-54
TTCTT	795085	4.6263266	5.5439634	40-44
TCTCT	686765	4.4752235	125.77549	6
CTGCC	713650	4.46992	145.64023	2
CTCTG	773950	4.328561	107.57234	7
TCTTT	742775	4.321953	5.314296	60-64
CTTTT	737480	4.291143	5.134363	50-54
GCTGG	1154200	4.24596	197.0149	2
TTTTG	951860	4.2445927	5.425883	95-97
TCTGG	974415	4.1765223	128.53319	2
GGGGA	2946650	4.130563	105.96689	5
TTCTC	627985	4.0921903	104.300446	5
TTGCC	726115	4.061028	151.10631	2
TTTCT	697295	4.05732	4.850189	30-34
TCTTC	621710	4.0513	4.9191966	30-34
CAGGG	2206885	4.0366416	147.52844	3
CTCTT	593495	3.8674405	5.2358494	80-84
CTTTC	589315	3.8402019	4.960356	60-64
TGCTG	892955	3.8273697	62.33919	1
TTTGT	855735	3.815946	4.977487	70-74
GTGCC	791720	3.8003736	173.11417	2
GGCTT	885130	3.7938302	76.80048	2
GGGGC	1188385	3.752115	55.864315	5
GCTGC	758645	3.641609	24.165358	1
TGCTT	727050	3.6308732	62.327858	2
TTCCC	496840	3.6258261	94.18483	5
CCCTG	578400	3.6227868	94.56379	7
TCCCT	485665	3.5442734	110.1795	6
GTTTT	794655	3.543574	4.408198	85-89
TGGGC	956600	3.5190485	108.38717	4
TCTCC	476070	3.4742513	10.820565	50-54
TTTGC	684270	3.4172306	36.8367	1
CTTTG	683025	3.4110131	4.3227525	60-64
GCATC	1208105	3.359548	177.94534	3
TTGTT	747415	3.3329186	4.314785	20-24
TGTTT	747365	3.3326957	4.341601	20-24
TTTCC	506450	3.3002217	4.1829896	40-44
CCTTC	451245	3.293084	4.415626	45-49
TCTGC	587525	3.28592	45.187317	1
TGCCA	1174040	3.2648187	146.34346	3
TTCCT	498400	3.247765	4.070994	30-34
CCTTT	497635	3.24278	4.2538104	45-49
GCTTT	647155	3.231879	3.7781584	85-89
TTCTG	638525	3.188781	35.181145	1
CTTGC	569160	3.183208	42.822895	1
GGGGT	1119735	3.1568244	75.80722	5
GCCTT	564270	3.1558588	4.1277623	45-49
TCCTG	561315	3.1393323	63.445747	1
TCTTG	627490	3.1336725	5.090876	5
CTTGG	721665	3.093189	11.064826	6
CCAGG	1289195	3.0769384	126.254364	5
CCGTC	490735	3.0737004	12.98511	50-54
CCTTG	547050	3.0595508	4.2535896	40-44
TCCTT	463340	3.0193007	3.734115	30-34
CCTCT	413155	3.015112	5.1275234	85-89
CTCCG	475970	2.9812205	10.492122	45-49
GGGCT	805175	2.9620008	31.64733	5
CTGCT	526970	2.947247	13.497016	1
TTGCT	587905	2.9359856	12.71844	1
CCTGC	457235	2.8638744	23.427155	1
CTTCA	880980	2.8544219	66.397026	4
GGCTG	745890	2.7439086	45.02789	1
TGGCT	633840	2.7167547	16.549582	1
CCCTT	360970	2.6342776	5.0255957	85-89
ATGCC	939080	2.6114318	125.99763	2
AGGGG	1845215	2.5865905	90.98671	4
TCCGT	460600	2.5760517	10.587345	50-54
GGCTC	536130	2.5735037	10.387273	6
CGCTG	535875	2.5722795	77.37714	1
GTCTC	459330	2.5689487	7.82208	45-49
GCCAG	1072450	2.5596304	125.758705	4
CGCTT	441610	2.4698439	74.72144	2
CGTGC	513895	2.4667726	46.650883	1
GGGCA	1346255	2.462452	45.015682	5
TGTGC	566515	2.4281876	45.419296	1
GGCCT	486870	2.3370483	5.433406	9
GTCCC	372265	2.331668	8.023175	55-59
GGCCC	432990	2.3276432	5.323667	8
GGGCC	563955	2.3233957	16.291553	5
CATCT	716210	2.3205583	74.74379	4
GGTGC	627650	2.308939	36.58404	1
ATGGG	1392830	2.27486	86.881485	3
CATCC	625455	2.2695096	73.420876	4
CGTCC	357510	2.2392507	7.913801	55-59
GTGCT	522245	2.2384381	13.734801	1
CATGG	1036665	2.2093005	40.03023	5
AGCTT	884170	2.195473	44.68753	2
CACTG	781625	2.173575	52.898743	7
TGGGT	661225	2.1720023	52.586933	4
TGCAT	863805	2.1449049	46.70114	3
GGGTG	756720	2.1333904	19.039152	6
GTTGC	487070	2.0876718	28.622145	1
TATTT	807100	2.0850272	5.81547	75-79
GTCTG	486190	2.0839	32.79751	1
ACTGG	972380	2.0722988	72.599785	2
TCCCG	330340	2.0690722	7.8653083	50-54
GGGTT	620185	2.0371938	21.46789	6
CTGCA	725770	2.018251	11.148789	2
GGTTT	514725	1.9699821	6.7933717	7
CATGC	689270	1.9167503	34.095943	1
TTGCA	771035	1.9145484	19.383629	2
GGGTC	518320	1.9067461	22.56828	5
TTCAC	587165	1.9024454	50.517986	5
TGCAG	889100	1.8948157	17.767015	1
TCGCT	335250	1.874992	19.51258	1
CAGCT	672240	1.8693926	10.131197	1
ATCTC	571410	1.8513986	56.62887	5
TTCCA	570605	1.8487904	22.267202	5
CGGCT	384935	1.8477451	22.923538	1
GGTTG	561830	1.8455085	7.47298	7
GGCAT	862260	1.8376154	38.816185	2
AGCTG	861060	1.835058	23.10974	1
TCACT	564615	1.8293825	61.618416	6
GGTGG	636270	1.7938106	5.9011116	7
CCATG	642760	1.7874132	28.520866	7
TCCCA	487465	1.7688026	39.45556	6
GAGCT	820695	1.7490336	8.141836	1
CCCAG	560570	1.7457814	33.8001	7
GCATG	818530	1.7444196	39.771397	4
CCCGT	277345	1.7371398	10.938593	55-59
GCAGG	943690	1.7261153	44.00526	2
TCTCA	520995	1.6880513	45.755768	6
GGTCT	393310	1.6857991	7.3148828	6
GGGAA	2066850	1.6784604	31.34727	6
TCTCG	298555	1.6697636	14.361824	5
GGGCG	527470	1.665393	15.797393	5
GGGAT	1019110	1.6644765	22.755127	6
GGCGG	526355	1.6618726	5.2750363	6
GGGAC	881185	1.6117867	21.114033	6
GGCAG	880420	1.6103873	9.5839	6
TCCAT	495835	1.6065316	33.227497	6
GCGCT	330065	1.584361	15.351479	1
GATGC	742320	1.5820038	24.427576	1
GGTTC	368385	1.5789661	7.0820713	7
CTCGG	327785	1.5734168	23.393478	6
CTCAG	564840	1.5707302	39.307228	7
GTCGG	424260	1.5607271	6.996364	95-97
CCGCT	248770	1.5581616	12.762418	1
GGGAG	1081735	1.5163574	16.40285	6
TGATG	795455	1.5137289	5.7839108	1
TTGGG	457480	1.5027376	13.053419	7
ACTGC	538900	1.4985952	29.350237	1
ATTGC	601875	1.4945092	33.05572	1
TCCAG	531710	1.478601	15.998545	1
TCAGG	689775	1.470022	41.179962	2
TGGCA	684815	1.4594512	9.159693	1
GGTCC	300785	1.4438127	8.313077	6
TTCAG	581400	1.4436679	12.700665	1
TGGGA	869950	1.4208585	35.565617	4
GTGCA	665660	1.4186288	18.368382	2
ATCCC	389785	1.4143635	47.683727	5
TTCTA	487860	1.4114434	15.663942	5
CAAGG	1318860	1.3975282	14.131616	5
TCATG	556820	1.3826337	14.679647	1
GGAGC	753140	1.3775779	5.2203975	8
ACCTG	488320	1.3579403	27.779133	1
ATGCT	542380	1.3467777	11.001298	1
AGGGC	735910	1.3460623	22.856642	4
GGATG	820900	1.3407471	8.609213	7
TTCAA	924950	1.3305523	7.0035334	5
CATCA	818135	1.3180218	33.91138	4
CGCAG	550840	1.3146969	12.716275	1
GATGG	796785	1.3013608	22.717087	2
GGTCG	346970	1.2764001	5.189863	7
CGGGC	308640	1.2715427	13.600383	8
GGCAC	527960	1.2600889	12.503214	6
ATCTG	497345	1.234952	17.971119	1
GGATT	642935	1.2234877	6.051388	7
AGTGC	567715	1.2098924	31.120205	1
GGACG	661025	1.2090893	5.6719236	7
CGATG	566595	1.2075055	9.451398	1
AGGCT	566455	1.2072071	12.282577	1
CGGCA	501360	1.1966023	12.035108	1
GCAAG	1125070	1.1921788	14.028679	4
TGCAA	964620	1.1909515	16.335838	3
TCGGG	322815	1.1875409	20.459728	7
CGGGG	371140	1.1718087	34.77844	8
CCGCA	373970	1.1646537	8.049254	1
CGCAT	414750	1.1533537	38.052677	2
GGATC	525745	1.1204475	6.9961348	7
ATGCA	891170	1.1002676	14.969265	2
GACTG	504570	1.0753201	14.987556	1
GGCAA	985190	1.0439552	8.441332	6
TATGC	420165	1.0433071	33.986156	1
TACTG	411725	1.0223498	26.414928	1
TCGCA	367230	1.0212083	10.056961	1
TCTAT	337105	0.97528917	23.216927	6
GGAAG	1198510	0.9732934	7.2490115	7
AGCAG	918025	0.9727839	6.7212033	1
CACGG	406780	0.9708671	19.730585	6
TATGG	503025	0.9572427	25.208138	2
GGACT	447095	0.9528316	5.710392	7
CTATG	379355	0.94197226	19.937239	7
TCCAA	584385	0.94144875	5.37687	6
AAGCT	762160	0.9409877	8.074403	1
AGCAT	749400	0.92523384	22.563822	2
GCGCA	387325	0.9244336	7.1985908	1
TCACA	568135	0.91526985	20.925417	6
CACAG	660285	0.9129629	17.924793	7
AATGC	732070	0.9038376	24.971083	1
AAGGG	1104715	0.89712375	10.786479	6
GGGTA	545340	0.89068455	13.186565	5
GTCAG	415305	0.885082	8.1739025	1
TTATG	396420	0.8789496	6.7185845	1
GGAAA	1840265	0.8657728	10.136496	7
ATCAC	537390	0.8657394	26.536413	5
ACATG	699375	0.8634713	6.6457715	1
ACAGG	802370	0.8502303	20.00441	2
CAATG	675360	0.8338216	8.717394	7
ATCCA	510455	0.8223469	11.321631	5
AACTG	658240	0.8126847	8.704223	1
AGGGT	496705	0.8112508	10.960693	4
AGGGA	964400	0.7831759	8.044004	4
TCACG	279375	0.7768975	9.940669	5
TCAAT	534640	0.76908654	10.178559	6
ACGCT	275980	0.76745653	13.15193	1
ACTCG	275625	0.7664693	6.38571	5
ACCAG	538425	0.7444695	7.958767	1
AGGCA	699370	0.7410864	5.933771	1
GGCTA	336965	0.71812683	6.10521	6
AATGG	736805	0.697157	8.240552	2
TAGCT	278665	0.69194996	10.239595	1
ATCAG	558035	0.6889683	6.675135	1
GTATG	351810	0.6694847	6.363041	1
ACGGG	357280	0.6535054	21.662243	7
CGGGT	175065	0.6440124	5.519908	8
GGTAT	335710	0.63884693	5.4671984	6
GGTAC	275325	0.586762	5.8860965	6
TACAG	465070	0.5741907	7.417616	1
TAGCA	435925	0.53820723	6.106439	1
ACGCA	363080	0.50202346	6.2930565	1
ATCTA	343675	0.49438092	8.0716095	5
ACACG	345805	0.47813767	6.4802475	5
CTAGG	175885	0.37483934	7.0850205	6
TAGGG	216190	0.35309547	9.526451	7
>>END_MODULE
