##FastQC	0.10.1
>>Basic Statistics	pass
#Measure	Value	
Filename	Acer-094_S52_L001_R1_001.fastq.gz	
File type	Conventional base calls	
Encoding	Sanger / Illumina 1.9	
Total Sequences	12461234	
Filtered Sequences	0	
Sequence length	101	
%GC	45	
>>END_MODULE
>>Per base sequence quality	pass
#Base	Mean	Median	Lower Quartile	Upper Quartile	10th Percentile	90th Percentile
1	36.26430087100523	37.0	37.0	37.0	37.0	37.0
2	36.35475042038373	37.0	37.0	37.0	37.0	37.0
3	36.32306704135401	37.0	37.0	37.0	37.0	37.0
4	36.339129896766245	37.0	37.0	37.0	37.0	37.0
5	36.49320877852065	37.0	37.0	37.0	37.0	37.0
6	36.533149927206246	37.0	37.0	37.0	37.0	37.0
7	36.55305253075257	37.0	37.0	37.0	37.0	37.0
8	36.54210201012195	37.0	37.0	37.0	37.0	37.0
9	36.55467484199398	37.0	37.0	37.0	37.0	37.0
10-14	36.43348210939622	37.0	37.0	37.0	37.0	37.0
15-19	36.343934284517886	37.0	37.0	37.0	37.0	37.0
20-24	36.32613339898761	37.0	37.0	37.0	37.0	37.0
25-29	36.25091348096023	37.0	37.0	37.0	37.0	37.0
30-34	36.22393735644479	37.0	37.0	37.0	37.0	37.0
35-39	36.20166327026681	37.0	37.0	37.0	37.0	37.0
40-44	36.17484655211515	37.0	37.0	37.0	37.0	37.0
45-49	36.15873349300719	37.0	37.0	37.0	37.0	37.0
50-54	36.146693963053735	37.0	37.0	37.0	37.0	37.0
55-59	36.10753047410874	37.0	37.0	37.0	37.0	37.0
60-64	36.07952162683086	37.0	37.0	37.0	37.0	37.0
65-69	36.04185620782019	37.0	37.0	37.0	37.0	37.0
70-74	35.99046226080017	37.0	37.0	37.0	37.0	37.0
75-79	35.97118961091654	37.0	37.0	37.0	37.0	37.0
80-84	35.929947082287356	37.0	37.0	37.0	37.0	37.0
85-89	35.905404007339875	37.0	37.0	37.0	37.0	37.0
90-94	35.846215487166035	37.0	37.0	37.0	37.0	37.0
95-99	35.80438406019821	37.0	37.0	37.0	37.0	37.0
100-101	35.702815868797586	37.0	37.0	37.0	37.0	37.0
>>END_MODULE
>>Per sequence quality scores	pass
#Quality	Count
14	1.0
15	13.0
16	43.0
17	116.0
18	185.0
19	283.0
20	503.0
21	1045.0
22	2292.0
23	4766.0
24	9069.0
25	17202.0
26	28246.0
27	44454.0
28	63050.0
29	90723.0
30	119696.0
31	160517.0
32	202832.0
33	276428.0
34	400961.0
35	879019.0
36	7815599.0
37	2344191.0
>>END_MODULE
>>Per base sequence content	fail
#Base	G	A	T	C
1	21.067932661496105	29.334928029539455	25.939936695441684	23.657202613522756
2	29.830641419031423	26.08192796620375	21.2983167707947	22.789113843970128
3	20.078195960338167	11.683353468564402	27.188925927869807	41.04952464322762
4	27.094764966413	16.798637436674536	35.806232119024635	20.300365477887837
5	47.576187077459586	12.72655661550052	12.427637583886154	27.269618723153744
6	47.58226994212612	6.132474520581188	20.199644754283565	26.085610783009134
7	47.82389057496597	13.206593871685143	18.80734346199369	20.162172091355195
8	62.20325566525043	10.662990625646003	11.135046679172653	15.998707029930909
9	50.69965719529949	22.450349413302963	7.6247462990823145	19.225247092315236
10-14	44.877988824642195	24.15350948304926	17.019159659290676	13.949342033017873
15-19	26.36148103950338	33.92635081268259	22.425809097047733	17.286359050766293
20-24	25.215394055864753	32.59305064140294	25.08592851174747	17.105626790984832
25-29	23.457932297350485	31.79007125518502	26.415151997911206	18.336844449553286
30-34	23.33587749933012	30.91755048414722	25.936597221982588	19.80997479454007
35-39	23.67397806756281	30.219450524804113	26.036226556624953	20.07034485100812
40-44	23.426514586377092	30.174041817922713	26.208950172241664	20.19049342345853
45-49	23.510079447171286	30.249555647768144	26.156955310159642	20.083409594900928
50-54	23.91782178089103	30.17352148832738	25.850134050008688	20.058522680772903
55-59	23.596205030511687	30.35791810459286	25.990798342440698	20.05507852245476
60-64	23.397073531312724	30.63006378235554	26.046393710160505	19.92646897617123
65-69	23.596662561451822	30.356253251254717	26.050547912158784	19.996536275134677
70-74	23.354433616649175	30.340114491743158	26.316818941667474	19.988632949940193
75-79	23.237597513102397	30.778781437830972	26.336497597810038	19.64712345125659
80-84	23.502661014893963	30.737531942089475	26.2237518741138	19.536055168902763
85-89	23.365479898705242	30.579133152417885	26.20661005732249	19.848776891554383
90-94	23.27920653765109	30.819236682338204	26.317549289259794	19.584007490750917
95-99	23.73170746974176	30.58012553170898	26.289733424474655	19.398433574074605
100-101	23.30258784964635	30.792078858321737	26.316478769277584	19.58885452275433
>>END_MODULE
>>Per base GC content	fail
#Base	%GC
1	44.725135275018864
2	52.61975526300156
3	61.12772060356579
4	47.39513044430084
5	74.84580580061333
6	73.66788072513525
7	67.98606266632117
8	78.20196269518135
9	69.92490428761472
10-14	58.827330857660066
15-19	43.647840090269675
20-24	42.32102084684959
25-29	41.794776746903764
30-34	43.14585229387019
35-39	43.74432291857093
40-44	43.61700800983562
45-49	43.593489042072214
50-54	43.97634446166393
55-59	43.65128355296645
60-64	43.32354250748396
65-69	43.5931988365865
70-74	43.343066566589364
75-79	42.88472096435899
80-84	43.03871618379673
85-89	43.21425679025962
90-94	42.863214028402005
95-99	43.130141043816366
100-101	42.891442372400675
>>END_MODULE
>>Per sequence GC content	warn
#GC Content	Count
0	113.0
1	122.0
2	135.0
3	201.0
4	704.5
5	2787.5
6	6979.0
7	12012.5
8	15750.5
9	17207.5
10	16649.0
11	14334.0
12	11565.0
13	9389.5
14	7874.5
15	6989.5
16	6442.0
17	6055.0
18	5983.5
19	6107.5
20	6451.0
21	7387.5
22	8734.5
23	10851.5
24	14094.5
25	18658.0
26	25351.0
27	35207.0
28	48963.0
29	67886.5
30	93220.0
31	124466.5
32	157527.5
33	191266.5
34	228282.5
35	269156.0
36	311499.5
37	353254.0
38	393387.0
39	431464.5
40	471060.0
41	504625.0
42	524487.5
43	535477.0
44	543948.5
45	547462.0
46	537536.5
47	512802.5
48	479182.5
49	443616.0
50	413006.0
51	391390.5
52	373038.0
53	345521.0
54	311748.5
55	286518.0
56	270684.0
57	259910.5
58	251764.5
59	238142.0
60	214830.5
61	188046.5
62	163487.5
63	141871.5
64	122212.5
65	101428.5
66	79416.0
67	58900.5
68	45803.5
69	40296.5
70	34666.0
71	29060.5
72	22606.0
73	14371.0
74	7855.5
75	4459.0
76	2754.5
77	1441.0
78	516.5
79	177.0
80	100.0
81	64.5
82	64.5
83	62.5
84	60.0
85	43.0
86	29.5
87	32.0
88	20.0
89	14.0
90	16.5
91	22.5
92	22.5
93	18.5
94	19.5
95	17.0
96	15.5
97	16.5
98	13.0
99	5.5
100	1.5
>>END_MODULE
>>Per base N content	pass
#Base	N-Count
1	0.03966701853123053
2	0.04344674050740079
3	0.003916145062358993
4	1.2037331134300183E-4
5	0.0
6	0.0
7	2.166719604174033E-4
8	1.6049774845733577E-5
9	0.001629052146841958
10-14	2.5037648759344383E-4
15-19	6.708805885516636E-4
20-24	2.728461723774708E-5
25-29	3.9803441617419273E-4
30-34	3.611199340290055E-4
35-39	0.00132892135722674
40-44	6.37176061375623E-4
45-49	0.0013931204566096744
50-54	0.002306352645331915
55-59	0.005588531601284432
60-64	3.595149565444321E-4
65-69	0.00529642569909208
70-74	0.016569787550735342
75-79	0.0058501429312698885
80-84	8.827376165153468E-5
85-89	1.3481810870416203E-4
90-94	0.0
95-99	0.0
100-101	0.0
>>END_MODULE
>>Sequence Length Distribution	pass
#Length	Count
101	1.2461234E7
>>END_MODULE
>>Sequence Duplication Levels	fail
#Total Duplicate Percentage	76.91674577806423
#Duplication Level	Relative count
1	100.0
2	58.822419680419564
3	49.619861527722755
4	41.32850378251929
5	32.408927122832836
6	24.30999679287641
7	17.21093440488992
8	11.973890240911578
9	8.2140094704473
10++	33.420114324523176
>>END_MODULE
>>Overrepresented sequences	pass
>>END_MODULE
>>Kmer Content	warn
#Sequence	Count	Obs/Exp Overall	Obs/Exp Max	Max Obs/Exp Position
AAAAA	17609900	6.7763824	9.486179	95-97
CTGGG	6714830	6.3289337	288.53036	3
GGGGG	6805900	4.5730376	131.56387	5
CCTGG	3614775	4.54958	204.61708	5
TGGGG	6398730	4.516425	204.6933	4
TTTTT	4131285	3.550697	4.52703	95-97
TGCCT	2599690	3.4371102	214.58014	3
GGGGA	5718190	3.4368625	79.37093	5
CAGGG	4261880	3.4205763	121.10286	3
GCCTG	2687830	3.382921	204.12503	4
GCTTC	2395175	3.166716	153.40672	3
TGCCA	2380645	2.680211	113.08852	3
CCAGG	2450745	2.6265805	108.06433	5
GCATC	2301145	2.5907075	134.05412	3
CTTCT	1631495	2.2658937	56.934906	4
GGGCA	2810350	2.2555814	42.474922	5
AGGGG	3747050	2.2521276	77.2425	4
CTGCC	1321145	2.2204194	80.515854	2
GCCAG	2056630	2.2041883	107.70613	4
CTTCC	1240865	2.1907408	68.72807	4
CTTCA	1850885	2.1889493	43.346054	4
CTCTG	1645305	2.1752958	52.235176	7
GGGGC	2412715	2.1648097	28.133215	5
GCTGG	2262400	2.1323814	101.26964	2
ATGCC	1852495	2.085602	101.4117	2
TTGCC	1573525	2.0803938	72.5012	2
TCTGG	2064635	2.0441873	58.463734	2
TTCTC	1448230	2.011367	44.290707	5
GTGCC	1570350	1.9764531	89.568245	2
TCTCT	1413620	1.9632992	55.09421	6
CCCTG	1144440	1.9234352	52.490227	7
TTCAA	2396075	1.8982201	5.6803846	5
GGGGT	2680835	1.892218	43.30447	5
GGGAA	3508685	1.8863938	26.693476	6
CATCT	1584780	1.8742403	51.78964	4
CACTG	1639150	1.8454111	40.410233	7
TGCTG	1853270	1.8349155	29.371698	1
CATCC	1186050	1.7830848	58.33626	4
GCTGC	1405750	1.7692864	13.018168	1
CATCA	1742420	1.7547355	37.369766	4
TTCCC	991840	1.7510884	46.08598	5
TGGGC	1854160	1.7476028	54.164845	4
ACTGG	2049885	1.7282614	54.54967	2
TTTGC	1659145	1.725614	15.088232	1
CATGG	2039945	1.7198809	28.911524	5
CAAGG	2393650	1.7184745	14.573397	5
TCCCT	959220	1.6934979	55.188843	6
TGCTT	1627840	1.6930546	24.803747	2
GGCTT	1693250	1.6764807	33.297497	2
AGCTT	1870820	1.6568903	29.945168	2
CCCAG	1146850	1.6413215	29.97262	7
ATGGG	2595030	1.6384295	56.654617	3
CAGCA	1708895	1.6382958	6.355197	1
CTGCA	1451110	1.6337091	8.096678	2
TTCAC	1379915	1.6319567	34.67244	5
TTCCA	1369215	1.6193023	14.834136	5
TGCAT	1827400	1.6184354	30.44885	3
TTGCA	1783240	1.5793252	11.683709	2
CTTGC	1184195	1.5656515	21.396725	1
TCACT	1318895	1.5597912	42.414574	6
TCCCA	1032150	1.5517142	31.536974	6
GCAAG	2149290	1.5430409	14.460019	4
CCAAG	1605845	1.539503	5.049653	7
GGAAA	3193720	1.5359217	7.381308	7
TTGCT	1470775	1.5296974	5.011573	1
CAGCT	1356375	1.5270534	7.518419	1
TTCTG	1457740	1.5161402	14.562692	1
TCCTG	1136190	1.5021831	31.316961	1
GCAGG	1860575	1.4932936	36.29635	2
TCTGC	1125845	1.4885057	21.755465	1
GGCAA	2067595	1.4843897	12.364728	6
AGCTG	1757100	1.4814138	17.943888	1
TGCAG	1756325	1.4807605	13.046529	1
GGGAG	2451225	1.473285	16.102879	6
TGCAA	1949345	1.4701205	15.226683	3
GGCAT	1727510	1.4564666	28.747517	2
GGCAG	1796945	1.4422245	9.5102005	6
CCATG	1274750	1.4351571	21.463636	7
CTGCT	1078290	1.4256321	6.244268	1
AGCAG	1985050	1.425128	8.620028	1
TCTCA	1190640	1.4081106	31.57047	6
GGGCT	1482020	1.3968495	12.358558	8
GGAAG	2597000	1.3962393	9.717929	7
CACAG	1450685	1.3907531	22.855247	7
GGCTG	1474300	1.3895732	23.516481	1
ATCTC	1172555	1.3867223	40.949303	5
CCTGC	821895	1.381341	12.959727	1
GCATG	1632765	1.3765868	28.753262	4
AAGCA	2133630	1.3702061	7.5317597	1
TCCAA	1353515	1.3630816	5.3513727	6
TGGCT	1351755	1.3383676	7.2641087	1
CTCAG	1172535	1.3200799	30.063068	7
TCACA	1307980	1.3172247	24.031605	6
TCCAT	1109020	1.3115826	22.553696	6
AATGC	1739065	1.3115356	29.356041	1
CGCTG	1038705	1.3073211	40.154774	1
CATGC	1154950	1.3002821	26.518301	1
AAGCT	1708325	1.2883528	9.198908	1
ACTGC	1142290	1.2860291	23.471695	1
ATTGC	1447185	1.2816985	22.297167	1
GGGAT	2029910	1.2816287	19.62536	6
GGGAC	1573830	1.263153	19.936274	6
CAATG	1666430	1.2567571	8.092121	7
ATGCA	1659185	1.2512932	15.465745	2
TTCAG	1408675	1.247592	8.589655	1
GGGCC	1035920	1.241179	8.855976	7
AACTG	1621640	1.2229784	9.49103	1
GAGCT	1446260	1.2193441	5.958106	1
TCCAG	1077025	1.2125515	12.345988	1
GATGC	1428475	1.2043496	18.949389	1
TGTGC	1216115	1.2040708	20.31307	1
GGAGC	1497750	1.2020912	5.3881793	8
CGTGC	954725	1.2016233	23.343998	1
TCAGG	1420575	1.197689	30.797401	2
AGCAT	1564240	1.1796893	25.481796	2
ATCAC	1165865	1.1741054	30.72478	5
GGTGC	1241145	1.1698174	18.145416	1
TGGCA	1371995	1.1567312	6.7274747	1
ATCCC	768350	1.1551226	39.48588	5
CGCTT	868220	1.1478937	33.379883	2
TCAAT	1446565	1.1459986	8.541604	6
ACAGG	1594830	1.1449772	24.553713	2
ATCCA	1133945	1.1419598	12.4886875	5
GGGTG	1612620	1.1382381	10.665945	6
GTGCA	1348125	1.1366063	12.361914	2
ACCTG	991180	1.1159043	21.972712	1
GTTGC	1121730	1.1106206	12.382384	1
AGGGC	1379230	1.1069672	17.464565	4
CGCAG	1030485	1.1044198	10.911151	1
GGCAC	1027100	1.1007922	11.5788145	6
TCATG	1237605	1.0960839	9.764118	1
GATGG	1733620	1.0945593	15.078311	2
ATGCT	1227040	1.086727	7.492143	1
CCGCA	758995	1.0862406	6.8814855	1
GGATG	1720275	1.0861336	7.6827755	7
AAGGG	2014515	1.0830748	10.871691	6
AGGCA	1495365	1.0735681	7.481191	1
ACCAG	1106630	1.060912	10.330161	1
GGAAC	1462335	1.0498549	5.683255	7
GGGTT	1414835	1.049032	11.4681425	6
ATCAG	1378250	1.039423	7.1983495	1
GTGCT	1047610	1.0372348	6.046776	1
ATCTG	1158150	1.0257146	12.039962	1
GGACA	1414930	1.0158213	6.1438904	7
AGGCT	1194540	1.0071186	9.2688465	1
AGTGC	1185015	0.99908805	23.555779	1
GTCTG	999595	0.9896952	15.405772	1
ACATG	1304230	0.98359996	7.2847414	1
TGGGA	1538825	0.9715711	16.841904	4
AATGG	1716750	0.96956474	6.8487897	2
CGGCA	897980	0.96240795	10.189602	1
TCGCT	711630	0.9408625	8.575119	1
GGGTC	994360	0.9372149	11.208983	6
GACTG	1108720	0.9347636	11.644478	1
AGGGA	1737135	0.9339454	5.700608	4
CGCAT	822700	0.92622375	28.887915	2
TGGGT	1226645	0.90949804	16.593193	4
TTCTA	972270	0.90454566	8.438047	5
GGATC	1053410	0.8881317	5.785228	7
TACTG	999655	0.88534373	17.441544	1
CGATG	1046880	0.88262624	6.5830135	1
GGACG	1097725	0.8810318	5.218874	7
TCGCA	781095	0.8793833	7.7550416	1
GGGCG	936470	0.84024817	8.517331	5
TATGC	916525	0.8117197	23.07183	1
TCTCG	607970	0.80381125	6.5439167	5
CGGCT	633190	0.79693717	11.088261	1
TAGCA	1046715	0.789392	6.7766395	1
TACAG	1031540	0.77794766	8.25482	1
GTCAG	915410	0.77178365	6.226157	1
CTCGG	608195	0.7654783	11.828067	6
GCGCT	601680	0.7572785	7.7184067	1
CCGCT	450390	0.7569607	6.848604	1
GCGCA	701960	0.752324	6.1615176	1
TATGG	1133855	0.7520121	14.071252	2
TCTAT	792175	0.7369954	13.34662	6
GGGTA	1159870	0.7323096	12.004739	6
CTATG	818840	0.725205	12.68868	7
CACGG	671565	0.71974826	15.835173	6
ACGCA	721945	0.6921194	8.048117	1
TCACG	594655	0.6694829	7.5461273	5
ACGCT	555480	0.6253784	9.867173	1
TAGCT	698860	0.6189448	7.213574	1
CGGGG	689525	0.6186766	18.633932	8
ATCTA	780870	0.61862135	7.270585	5
CGGGC	511020	0.6122744	7.1993494	8
ACACG	607960	0.5828435	7.731314	5
ACGGG	705380	0.5661366	15.730578	7
TCGGG	543010	0.5118036	9.851855	7
TAGGG	475350	0.30012274	5.200747	7
>>END_MODULE
