##FastQC	0.10.1
>>Basic Statistics	pass
#Measure	Value	
Filename	Acer-056_S37_L001_R1_001.fastq.gz	
File type	Conventional base calls	
Encoding	Sanger / Illumina 1.9	
Total Sequences	16734417	
Filtered Sequences	0	
Sequence length	101	
%GC	39	
>>END_MODULE
>>Per base sequence quality	pass
#Base	Mean	Median	Lower Quartile	Upper Quartile	10th Percentile	90th Percentile
1	36.26004688421473	37.0	37.0	37.0	37.0	37.0
2	36.348166894610074	37.0	37.0	37.0	37.0	37.0
3	36.30987437447029	37.0	37.0	37.0	37.0	37.0
4	36.32753098001562	37.0	37.0	37.0	37.0	37.0
5	36.48027481327853	37.0	37.0	37.0	37.0	37.0
6	36.521661734615556	37.0	37.0	37.0	37.0	37.0
7	36.543670448752415	37.0	37.0	37.0	37.0	37.0
8	36.536189339610694	37.0	37.0	37.0	37.0	37.0
9	36.549374860205766	37.0	37.0	37.0	37.0	37.0
10-14	36.43655686361826	37.0	37.0	37.0	37.0	37.0
15-19	36.37217399327386	37.0	37.0	37.0	37.0	37.0
20-24	36.35941781539208	37.0	37.0	37.0	37.0	37.0
25-29	36.276097171476	37.0	37.0	37.0	37.0	37.0
30-34	36.22684693467362	37.0	37.0	37.0	37.0	37.0
35-39	36.18247376051403	37.0	37.0	37.0	37.0	37.0
40-44	36.11307691209082	37.0	37.0	37.0	37.0	37.0
45-49	36.0303137659352	37.0	37.0	37.0	37.0	37.0
50-54	35.98642872351035	37.0	37.0	37.0	37.0	37.0
55-59	35.91005388475738	37.0	37.0	37.0	37.0	37.0
60-64	35.8107429257918	37.0	37.0	37.0	37.0	37.0
65-69	35.73813303445229	37.0	37.0	37.0	37.0	37.0
70-74	35.636468016782416	37.0	37.0	37.0	37.0	37.0
75-79	35.546825993400304	37.0	37.0	37.0	37.0	37.0
80-84	35.417577594725884	37.0	37.0	37.0	37.0	37.0
85-89	35.365084161581485	37.0	37.0	37.0	37.0	37.0
90-94	35.27632592160217	37.0	37.0	37.0	34.6	37.0
95-99	35.152852220665956	37.0	37.0	37.0	27.4	37.0
100-101	35.02864234828139	37.0	37.0	37.0	25.0	37.0
>>END_MODULE
>>Per sequence quality scores	pass
#Quality	Count
15	8.0
16	42.0
17	103.0
18	222.0
19	401.0
20	1087.0
21	2756.0
22	6395.0
23	15153.0
24	26027.0
25	40745.0
26	57213.0
27	80076.0
28	108783.0
29	153780.0
30	205083.0
31	279392.0
32	364203.0
33	504671.0
34	723205.0
35	1414695.0
36	9938571.0
37	2811806.0
>>END_MODULE
>>Per base sequence content	fail
#Base	G	A	T	C
1	20.866271389074758	29.98804219825322	25.778738164074817	23.366948248597215
2	29.6711905937898	26.60342231613543	21.320971894070016	22.40441519600476
3	19.88372739953121	12.894140648086724	26.748405127138348	40.473726825243716
4	26.663301542128977	17.61354068428395	35.62140687702061	20.10175089656646
5	47.52159576279234	13.164426343624639	12.519444208901929	26.7945336846811
6	47.5160024995194	6.873038959170194	20.015612136353482	25.59534640495692
7	47.762279023940636	13.82635234073637	18.469562563133458	19.941806072189536
8	59.19769285019482	12.447899281086269	11.95052303594258	16.40388483277634
9	47.771916962927705	24.33631988687063	8.492913518706336	19.398849631495324
10-14	41.80041510991485	26.973370901539546	18.278447766431267	12.94776622211434
15-19	22.54095370822845	38.588931740042945	23.312352165988475	15.557762385740126
20-24	21.278251779004503	38.75120177489082	25.145981796842232	14.824564649262436
25-29	19.952945404196317	38.21041397703899	26.13934463083128	15.697295987933419
30-34	19.908021048728607	37.56963520974199	25.698927638087465	16.823416103441936
35-39	20.053483049251618	37.30799738537832	25.824215119896504	16.814304445473553
40-44	19.858392701890793	37.39599136074174	25.849752846054514	16.895863091312954
45-49	20.050788042424703	37.387990296647544	25.62658122522824	16.934640435699514
50-54	20.350587458715108	37.41751342937358	25.350115665523905	16.88178344638741
55-59	19.979338253521874	37.6406757683832	25.45928587629574	16.920700101799188
60-64	19.823147332062703	38.04130099086916	25.411302881828973	16.72424879523917
65-69	20.00457285052271	37.865207880338566	25.308129269679558	16.82208999945917
70-74	19.810841077551842	37.946916346374834	25.442864922581244	16.79937765349208
75-79	19.74364490105122	38.17195755958253	25.545263087842784	16.53913445152347
80-84	19.850628443646652	38.37599309331849	25.49352070747759	16.279857755557263
85-89	19.949104336766958	38.33820103322066	25.274883598403008	16.43781103160937
90-94	19.862283819029965	38.419586412840076	25.28952278409221	16.428606984037746
95-99	20.12494250621339	38.175842038596265	25.357176171718443	16.3420392834719
100-101	19.98262323688958	38.20828057529581	25.3894503764308	16.41964581138381
>>END_MODULE
>>Per base GC content	fail
#Base	%GC
1	44.23321963767197
2	52.07560578979455
3	60.35745422477493
4	46.765052438695434
5	74.31612944747343
6	73.11134890447633
7	67.70408509613017
8	75.60157768297115
9	67.17076659442304
10-14	54.74818133202919
15-19	38.09871609396858
20-24	36.10281642826694
25-29	35.650241392129736
30-34	36.73143715217054
35-39	36.86778749472517
40-44	36.75425579320375
45-49	36.98542847812421
50-54	37.23237090510252
55-59	36.90003835532106
60-64	36.54739612730187
65-69	36.82666284998188
70-74	36.61021873104392
75-79	36.282779352574686
80-84	36.130486199203915
85-89	36.38691536837633
90-94	36.29089080306772
95-99	36.46698178968529
100-101	36.40226904827339
>>END_MODULE
>>Per sequence GC content	fail
#GC Content	Count
0	2065.0
1	1822.5
2	1316.5
3	1766.0
4	10908.0
5	47519.5
6	116497.0
7	189295.0
8	232063.5
9	234523.5
10	203643.0
11	154334.5
12	106381.5
13	72651.5
14	53427.5
15	43324.0
16	37787.5
17	34084.0
18	31500.5
19	30005.5
20	29172.5
21	29326.0
22	31039.5
23	34501.0
24	40087.0
25	49135.5
26	63021.0
27	82380.5
28	108075.5
29	141474.5
30	186406.5
31	242522.5
32	303353.5
33	363525.5
34	420687.0
35	477530.0
36	530271.0
37	582221.5
38	635320.5
39	678832.5
40	713756.5
41	738813.0
42	746739.5
43	737878.5
44	721308.0
45	702781.0
46	677716.5
47	640562.0
48	585661.5
49	513792.5
50	442054.5
51	388503.0
52	350682.0
53	304358.0
54	247105.0
55	200704.5
56	171572.0
57	151512.5
58	136347.0
59	123278.0
60	108079.5
61	92916.5
62	82353.5
63	75870.5
64	70605.0
65	62326.5
66	51602.0
67	41333.5
68	36076.5
69	37678.0
70	39398.5
71	39046.0
72	32402.0
73	20269.5
74	9410.5
75	3407.5
76	1446.0
77	723.5
78	406.5
79	327.0
80	200.0
81	105.5
82	89.0
83	73.5
84	68.0
85	55.0
86	40.0
87	38.5
88	30.0
89	20.5
90	20.5
91	16.5
92	6.5
93	9.5
94	13.0
95	7.5
96	8.0
97	11.5
98	19.0
99	13.5
100	0.5
>>END_MODULE
>>Per base N content	pass
#Base	N-Count
1	0.0383999036237713
2	0.041322025141359874
3	0.0038125021027024726
4	1.135384638735846E-4
5	0.0
6	0.0
7	1.4939271562313763E-4
8	1.7927125874776517E-5
9	0.001798688296102577
10-14	3.226882657459773E-4
15-19	6.465716732169397E-4
20-24	1.075627552486591E-5
25-29	4.099336116698897E-4
30-34	3.979821944200386E-4
35-39	0.001301509338508775
40-44	6.573279487418056E-4
45-49	0.0014449263455069872
50-54	0.002330526363720947
55-59	0.005287306991334087
60-64	3.477862419706644E-4
65-69	0.00521081792093504
70-74	0.015804554171202977
75-79	0.005807193641702606
80-84	7.648907039904646E-5
85-89	1.4700243217316745E-4
90-94	0.0
95-99	0.0
100-101	0.0
>>END_MODULE
>>Sequence Length Distribution	pass
#Length	Count
101	1.6734417E7
>>END_MODULE
>>Sequence Duplication Levels	fail
#Total Duplicate Percentage	78.74735278450258
#Duplication Level	Relative count
1	100.0
2	41.5177388788132
3	31.612088113626637
4	29.712876734660608
5	28.162125812564955
6	26.069325290893158
7	23.5220997289752
8	19.982475088134006
9	16.821877610906203
10++	90.15548264829947
>>END_MODULE
>>Overrepresented sequences	pass
>>END_MODULE
>>Kmer Content	fail
#Sequence	Count	Obs/Exp Overall	Obs/Exp Max	Max Obs/Exp Position
AAAAA	142409340	15.301272	19.230783	95-97
CTGGG	8441750	10.431566	492.56104	3
CCTGG	4310810	7.2008605	346.68347	5
TGGGG	7801305	7.131416	327.16708	4
GGGGG	7231640	7.0941114	207.54546	5
GCCTG	3104595	5.1859756	345.892	4
TTTTT	7280205	5.018124	6.228507	80-84
TGCCT	3096360	4.819747	322.21524	3
CAGGG	5460010	4.652311	173.55191	3
GGGGA	7274030	4.5850267	116.09564	5
GCTTC	2730880	4.2508464	238.19753	3
CCAGG	2939505	3.385774	154.85493	5
TTTTC	3378765	3.3784459	4.2675347	90-94
GGGGC	2442425	3.2388506	54.134823	5
GGGGT	3444210	3.1484594	80.07068	5
GCTGG	2487440	3.073758	173.70276	2
CTGCC	1356650	3.063387	138.98961	2
TGCCA	2810780	3.0168796	143.70009	3
TTGCC	1919170	2.987351	110.39315	2
AGGGG	4646495	2.9288175	103.23452	4
GGGCA	3431535	2.9239078	63.9531	5
GCATC	2717910	2.9171994	171.19598	3
CTTCC	1375530	2.8943524	106.48911	4
CTCTG	1856070	2.8891308	77.40807	7
GTGCC	1678935	2.8045256	154.80568	2
TCTGG	2401255	2.7650476	88.29382	2
TGGGC	2235805	2.7628098	98.89235	4
TCTCT	1901165	2.7576551	72.24407	6
CTTCT	1898320	2.7535286	76.746635	4
CCCTG	1213710	2.7406204	89.0076	7
TTCTC	1848060	2.680626	58.055798	5
GCCAG	2317550	2.6693954	154.35638	4
TTCCC	1149325	2.418378	70.17278	5
TTTGC	2232910	2.3959782	20.789988	1
TCCCT	1115980	2.3482144	82.92566	6
TGCTG	1999840	2.3028176	44.45979	1
ATGCC	2136125	2.2927554	125.87511	2
CTTCA	2254990	2.2553973	50.262146	4
TGCTT	2051485	2.201304	33.80597	2
CACTG	2018130	2.1661084	51.927155	7
GGCTT	1847840	2.1277895	50.898792	2
GCTGC	1268370	2.1187098	21.98275	1
ATGGG	3506780	2.0597882	74.832726	3
ACTGG	2563450	2.0353892	68.36426	2
GGGAA	4990305	2.0211542	33.372276	6
TTGCT	1872285	2.009017	6.864201	1
GGCTG	1622640	2.0051146	40.131363	1
CTTGC	1283975	1.9986163	32.139824	1
CCCAG	1267725	1.9738643	42.592186	7
CATGG	2456355	1.9503553	38.522865	5
CATCC	1343525	1.9493299	74.44434	4
CATCT	1912210	1.9125553	57.72025	4
GGGCT	1544970	1.9091368	22.543756	5
TCCTG	1219370	1.898053	46.50494	1
CTTGG	1633900	1.8814375	6.4975677	6
TTCTG	1751225	1.879116	18.891136	1
TCTGC	1192395	1.8560643	33.006386	1
TTCAC	1830115	1.8304455	39.1484	5
GGCCC	750085	1.8175951	5.6385393	8
TCACT	1808905	1.8092316	48.35694	6
CGCTG	1063775	1.7769504	69.10613	1
GGGCC	988330	1.771659	15.07182	5
GGGTG	1922425	1.7573484	17.522234	6
GGGAG	2780445	1.752593	19.684246	6
TGCAT	2359100	1.7454855	35.807583	3
TGGCT	1498180	1.7251558	11.125289	1
GGGAC	2013090	1.7152936	25.281204	6
TTGCA	2311875	1.710544	14.211883	2
TCCCA	1163470	1.688087	39.711468	6
CGTGC	1003310	1.6759484	40.96896	1
TTCCA	1674370	1.6746724	16.936707	5
CTGCT	1073315	1.670706	9.545771	1
TGTGC	1438150	1.656031	31.392357	1
CCTGC	730735	1.6500378	22.503462	1
GGGTT	1931460	1.6452863	19.999123	6
CTGCA	1529520	1.6416715	10.938304	2
GCAGG	1903635	1.6220301	51.825596	2
GGCAT	2041215	1.6207324	36.221912	2
GGCTC	955580	1.5962192	8.158648	6
AGCTT	2149220	1.5901964	33.173027	2
GGGAT	2653905	1.5588325	24.287031	6
GGTTT	1932970	1.5343634	5.7702665	7
TCTCA	1533045	1.5333219	34.56077	6
TTCAA	3192790	1.5179094	5.220171	5
CGCTT	968510	1.507568	51.443546	2
GGGTC	1218875	1.5061775	18.911196	6
CCATG	1401340	1.5040926	27.66391	7
GTTGC	1304950	1.5026511	19.32925	1
GGCAG	1754280	1.4947692	12.331295	6
GGTGC	1206205	1.4905212	30.756468	1
CTCAG	1383840	1.4853096	37.097595	7
CATCA	2143470	1.4782711	35.448994	4
CAGCT	1368995	1.4693761	9.336944	1
GCATG	1839020	1.4601889	38.312756	4
CATGC	1359985	1.4597055	33.472446	1
AGCTG	1830890	1.4537337	22.649363	1
ATCTC	1453170	1.4534323	44.534454	5
TGGGT	1648460	1.4042171	33.684723	4
TCCAT	1397395	1.3976474	25.78694	6
GTCTG	1213275	1.3970872	23.20069	1
ATTGC	1879530	1.3906542	24.964914	1
CAAGG	2515705	1.377338	16.825628	5
TGCAG	1733950	1.3767629	16.413197	1
ACTGC	1281900	1.3758949	29.76903	1
TCAGG	1724225	1.3690412	38.577976	2
GTGCT	1172025	1.3495879	9.156315	1
TGCAA	2606560	1.3298293	15.653843	3
AGGGC	1543000	1.3147441	27.097343	4
TTCAG	1770410	1.3099169	9.550289	1
GGCAA	2389625	1.3083097	14.186853	6
CCAAG	1731995	1.2818464	5.8720903	7
ACCTG	1191240	1.2785871	27.766504	1
GGAAG	3142065	1.2725871	9.061584	7
TCCAG	1177575	1.2639203	15.345553	1
GCAAG	2297220	1.2577183	16.75499	4
TCGCT	807685	1.2572304	12.919844	1
CAGCA	1697790	1.2565314	6.5146904	1
CACAG	1693205	1.253138	23.738535	7
GGTTG	1462765	1.2460355	6.676841	7
ATCCC	856740	1.2430501	48.763954	5
TGGGA	2113930	1.2416657	29.01226	4
GGAGG	1951375	1.2300068	5.4245396	7
GGCAC	1057525	1.218076	17.237394	6
GTGCA	1530825	1.2154809	16.606833	2
TCACA	1749215	1.2063682	22.143566	6
GGAAA	4527445	1.1782328	9.252798	7
TCATG	1581210	1.1699288	10.752963	1
GGGCG	864005	1.1457396	14.076327	5
TGGCA	1442780	1.1455729	8.322211	1
GATGG	1932320	1.1349927	20.158154	2
GAGCT	1425110	1.1315429	7.384205	1
GATGC	1419420	1.1270249	23.307201	1
AATGC	2196580	1.1206634	26.837387	1
AGCAG	2041085	1.1174856	8.949587	1
GGACC	968555	1.1155988	5.3112044	7
GCACC	713875	1.1115127	5.034343	7
GGTTC	960785	1.1063448	5.6621256	7
CGCAG	958080	1.1035336	15.701896	1
ATGCT	1490125	1.1025355	8.411896	1
GGTCT	954495	1.0991019	5.037779	7
ATCAC	1590895	1.0971807	28.606092	5
AGTGC	1377035	1.093371	29.746847	1
AAGGG	2698935	1.0931122	12.394686	6
TCCAA	1578805	1.0888427	5.516409	6
CAATG	2127960	1.0856545	8.002801	7
AACTG	2122630	1.0829351	9.012983	1
GGATT	1966555	1.0763845	6.26062	7
ATGCA	2105180	1.0740324	15.293272	2
CCGCA	670235	1.0435646	9.691225	1
ATCTG	1394460	1.0317534	13.60828	1
GGGTA	1754410	1.0304931	17.538368	6
CGGCT	615095	1.0274665	19.256998	1
ACAGG	1872085	1.0249588	25.908484	2
TACTG	1384550	1.024421	19.574965	1
TCTCG	655165	1.01982	10.5489	5
AAGCT	1993210	1.0169069	8.452365	1
AGGCT	1277560	1.0143876	11.529318	1
GACTG	1274800	1.0121961	14.476293	1
TTCTA	1463490	1.0090368	8.849508	5
GGATG	1710425	1.0046576	7.9006405	7
CGGGG	748870	0.99306136	37.902046	8
AGGGA	2445725	0.99055827	8.778068	4
GGACG	1162095	0.9901862	5.5926995	7
TCAAT	2068685	0.98348975	7.4851	6
GGAAC	1749350	0.9577619	5.8321967	7
ACCAG	1283700	0.95006406	10.881645	1
GGATC	1194660	0.9485645	6.9952297	7
ATCCA	1372360	0.94646525	12.08889	5
CTCGG	565845	0.9451985	21.933811	6
GGTCC	555215	0.9274419	6.0912395	6
AGCAT	1808510	0.9226757	23.131989	2
CGCAT	859070	0.922061	36.382034	2
CCGCT	406780	0.91853046	12.03699	1
AAGCA	2604270	0.91616225	5.5830374	1
TTGGG	1074920	0.91565526	7.049475	7
GCGCT	542360	0.9059686	13.341746	1
GGACA	1629075	0.89191175	6.262873	7
TATGC	1196670	0.8854097	25.62784	1
AGGCA	1605330	0.8789117	7.631557	1
TCGCA	801245	0.859996	9.789126	1
ACATG	1663480	0.8486835	6.7650623	1
TATGG	1548085	0.84733707	16.657589	2
AATGG	2238955	0.8450161	7.2686152	2
GGACT	1062165	0.84336305	5.6528664	7
GGAAT	2224510	0.83956444	5.2890477	7
CACGG	727955	0.8384714	24.642246	6
GTCAG	1051700	0.8350538	7.904463	1
AGGGT	1420475	0.834349	9.214991	4
CGGGC	456520	0.8183479	15.495408	8
ATCAG	1598465	0.8155137	6.7165275	1
TCGGG	653165	0.8071234	18.293331	7
TCACG	740230	0.79450715	10.089929	5
CGGCA	681775	0.78528047	14.986876	1
CGATG	984875	0.78199446	8.825128	1
CTATG	1054710	0.7803743	14.630617	7
TCTAT	1119855	0.7721097	13.643614	6
GCGCA	645285	0.74325067	8.728368	1
ACTCG	677100	0.72674817	6.798626	5
ACGGG	836425	0.7126926	25.143183	7
ACGCT	654380	0.7023622	12.53973	1
TAGCT	940460	0.6958413	7.8735833	1
TAGCA	1314005	0.6703864	6.2012243	1
TACAG	1295725	0.6610601	7.709991	1
ACACG	842300	0.6233847	8.864715	5
GGTAC	735065	0.58364445	5.428755	6
ACGCA	777750	0.57561135	8.271961	1
ATCTA	1073655	0.5104347	6.274303	5
CTAGG	483910	0.38422638	6.2212343	6
TAGGG	651815	0.38285857	7.8109093	7
>>END_MODULE
