##FastQC	0.10.1
>>Basic Statistics	pass
#Measure	Value	
Filename	Acer-097_S55_L001_R1_001.fastq.gz	
File type	Conventional base calls	
Encoding	Sanger / Illumina 1.9	
Total Sequences	9525611	
Filtered Sequences	0	
Sequence length	101	
%GC	40	
>>END_MODULE
>>Per base sequence quality	pass
#Base	Mean	Median	Lower Quartile	Upper Quartile	10th Percentile	90th Percentile
1	36.22329213317655	37.0	37.0	37.0	37.0	37.0
2	36.32797707149704	37.0	37.0	37.0	37.0	37.0
3	36.29646108790292	37.0	37.0	37.0	37.0	37.0
4	36.31462905634085	37.0	37.0	37.0	37.0	37.0
5	36.47259824067979	37.0	37.0	37.0	37.0	37.0
6	36.515910947864654	37.0	37.0	37.0	37.0	37.0
7	36.53652505860254	37.0	37.0	37.0	37.0	37.0
8	36.5329177309466	37.0	37.0	37.0	37.0	37.0
9	36.53813944323362	37.0	37.0	37.0	37.0	37.0
10-14	36.42062341197851	37.0	37.0	37.0	37.0	37.0
15-19	36.343777947682305	37.0	37.0	37.0	37.0	37.0
20-24	36.33189539232707	37.0	37.0	37.0	37.0	37.0
25-29	36.24579662134009	37.0	37.0	37.0	37.0	37.0
30-34	36.20109454396153	37.0	37.0	37.0	37.0	37.0
35-39	36.16362110524984	37.0	37.0	37.0	37.0	37.0
40-44	36.11277483407626	37.0	37.0	37.0	37.0	37.0
45-49	36.053137063858685	37.0	37.0	37.0	37.0	37.0
50-54	36.01998244522058	37.0	37.0	37.0	37.0	37.0
55-59	35.955377980478104	37.0	37.0	37.0	37.0	37.0
60-64	35.8754253559168	37.0	37.0	37.0	37.0	37.0
65-69	35.81478886761175	37.0	37.0	37.0	37.0	37.0
70-74	35.727808746336585	37.0	37.0	37.0	37.0	37.0
75-79	35.66367012047836	37.0	37.0	37.0	37.0	37.0
80-84	35.55600977197158	37.0	37.0	37.0	37.0	37.0
85-89	35.511115601928324	37.0	37.0	37.0	37.0	37.0
90-94	35.43602826107427	37.0	37.0	37.0	37.0	37.0
95-99	35.33361408522771	37.0	37.0	37.0	37.0	37.0
100-101	35.21135589097644	37.0	37.0	37.0	31.0	37.0
>>END_MODULE
>>Per sequence quality scores	pass
#Quality	Count
14	1.0
15	5.0
16	36.0
17	92.0
18	158.0
19	235.0
20	475.0
21	1133.0
22	2374.0
23	5368.0
24	10123.0
25	17945.0
26	27152.0
27	40623.0
28	58304.0
29	83277.0
30	112649.0
31	153511.0
32	198819.0
33	275950.0
34	395006.0
35	801656.0
36	5808834.0
37	1531885.0
>>END_MODULE
>>Per base sequence content	fail
#Base	G	A	T	C
1	20.93584967325066	29.852526439359554	25.842235720351383	23.3693881670384
2	29.55618384058831	26.680883599345062	21.333717025975922	22.42921553409071
3	20.17112975178596	12.98251695723184	26.439528803699037	40.40682448728317
4	26.347458144902546	17.675922214679975	35.58115277123692	20.395466869180552
5	47.51129350127777	13.225975740558797	12.762467415476026	26.500263342687415
6	47.50371393499063	6.7907664925640985	20.306991331054775	25.3985282413905
7	47.74718009741124	13.76961754095151	18.249820614880225	20.233381746757026
8	58.317457707953366	12.673845840197723	12.22931783154232	16.779378620306588
9	46.8954580981511	24.824892143806856	8.51235353000368	19.767296228038358
10-14	41.783054507611176	26.74340936181124	18.452819008455528	13.020717122122058
15-19	22.68552844328089	38.084277798462495	23.635065195499152	15.595128562757457
20-24	21.460661163354835	37.875014319293534	25.67998377762616	14.984340739725466
25-29	20.16340684904462	37.131188884390355	26.82620337265142	15.879200893913604
30-34	20.06970667130037	36.45894821321619	26.40654527750624	17.064799837977205
35-39	20.237193672990514	36.07074804462204	26.60239538537122	17.089662897016225
40-44	20.174189104517957	36.16497708543111	26.50662182896712	17.15421198108381
45-49	20.343120462998904	36.13951276337432	26.29051466641701	17.22685210720977
50-54	20.616810314355558	36.19339317984733	26.01152953876617	17.178266967030947
55-59	20.271710843648734	36.411178065826675	26.078442002860818	17.238669087663773
60-64	20.12732660324587	36.80906426504963	26.071538725927716	16.99207040577678
65-69	20.298261608662894	36.53483921685881	26.042913019121634	17.12398615535665
70-74	20.132209680822612	36.60496371976255	26.174051062468667	17.088775536946173
75-79	20.005384938030588	36.86717214449624	26.23306388065939	16.894379036813774
80-84	20.06926635574191	37.00241721109223	26.282912106230555	16.6454043269353
85-89	20.14840932969623	36.9509382956913	26.072722385609996	16.827929989002477
90-94	20.019505310472997	37.071631415559594	26.132318441305237	16.776544832662175
95-99	20.341355530894553	36.84932966504721	26.09474394870838	16.714570855349855
100-101	20.257907865437712	36.87283156954446	26.19462940487492	16.6746311601429
>>END_MODULE
>>Per base GC content	fail
#Base	%GC
1	44.30523784028907
2	51.98539937467902
3	60.57795423906912
4	46.7429250140831
5	74.01155684396518
6	72.90224217638112
7	67.98056184416826
8	75.09683632825995
9	66.66275432618947
10-14	54.803771629733234
15-19	38.280657006038346
20-24	36.4450019030803
25-29	36.042607742958225
30-34	37.13450650927757
35-39	37.32685657000674
40-44	37.32840108560177
45-49	37.56997257020868
50-54	37.795077281386504
55-59	37.51037993131251
60-64	37.119397009022656
65-69	37.42224776401955
70-74	37.220985217768785
75-79	36.89976397484436
80-84	36.71467068267721
85-89	36.976339318698706
90-94	36.796050143135176
95-99	37.05592638624441
100-101	36.93253902558062
>>END_MODULE
>>Per sequence GC content	fail
#GC Content	Count
0	1170.0
1	973.0
2	647.5
3	829.0
4	4927.0
5	21517.5
6	53030.5
7	86399.0
8	105935.0
9	106925.0
10	92787.5
11	70095.5
12	48312.0
13	33123.5
14	23917.0
15	19005.5
16	16393.0
17	14837.5
18	13804.0
19	13056.5
20	12871.5
21	13308.5
22	14362.0
23	16305.5
24	19423.5
25	24521.5
26	32064.5
27	42353.5
28	57225.5
29	77208.0
30	102395.0
31	134519.5
32	169553.0
33	202428.5
34	235424.5
35	270604.0
36	305481.0
37	338942.0
38	370853.5
39	399074.0
40	424660.0
41	446479.5
42	457098.5
43	457179.0
44	453513.5
45	445853.5
46	430973.0
47	406739.5
48	373655.0
49	328797.0
50	278329.0
51	236870.0
52	205183.5
53	172029.5
54	133411.5
55	102247.5
56	81727.5
57	66875.5
58	57289.0
59	50708.0
60	44961.5
61	39677.5
62	36500.0
63	34997.5
64	32701.5
65	28504.5
66	25307.5
67	19255.0
68	13569.0
69	13903.5
70	15188.0
71	15579.5
72	13145.5
73	8221.5
74	4010.0
75	1998.5
76	1147.5
77	565.5
78	192.0
79	75.5
80	54.0
81	50.0
82	49.0
83	49.5
84	47.0
85	37.0
86	24.5
87	20.0
88	18.0
89	14.5
90	14.5
91	12.5
92	12.5
93	12.0
94	10.0
95	6.5
96	3.5
97	14.5
98	14.5
99	4.5
100	2.5
>>END_MODULE
>>Per base N content	pass
#Base	N-Count
1	0.03813928576340143
2	0.043052356431519195
3	0.0034013566163892273
4	9.448212823303408E-5
5	0.0
6	0.0
7	1.6796822796983838E-4
8	2.0996028496229797E-5
9	0.00205761079263052
10-14	3.275380445411848E-4
15-19	6.382792662853857E-4
20-24	1.4697219947360858E-5
25-29	3.905261300298742E-4
30-34	3.968249385787432E-4
35-39	0.0011799768014881145
40-44	5.815899893455654E-4
45-49	0.001347945029457953
50-54	0.0020954036439237334
55-59	0.005246907521207826
60-64	3.0444241319533205E-4
65-69	0.005070540881839496
70-74	0.016038866168269942
75-79	0.005507258274561075
80-84	5.458967409019747E-5
85-89	1.0917934818039494E-4
90-94	0.0
95-99	0.0
100-101	0.0
>>END_MODULE
>>Sequence Length Distribution	pass
#Length	Count
101	9525611.0
>>END_MODULE
>>Sequence Duplication Levels	fail
#Total Duplicate Percentage	78.456149399351
#Duplication Level	Relative count
1	100.0
2	41.58004987531172
3	33.16109725685786
4	32.62643391521197
5	31.599002493765585
6	28.993516209476308
7	24.59650872817955
8	20.903740648379053
9	17.013466334164587
10++	68.5286783042394
>>END_MODULE
>>Overrepresented sequences	pass
>>END_MODULE
>>Kmer Content	fail
#Sequence	Count	Obs/Exp Overall	Obs/Exp Max	Max Obs/Exp Position
AAAAA	64409335	14.109928	17.760342	95-97
CTGGG	4809510	9.798443	459.11194	3
CCTGG	2448290	6.6972475	319.23254	5
TGGGG	4374005	6.6367917	302.86417	4
GGGGG	3958605	6.5514817	188.41042	5
GCCTG	1751555	4.791343	318.55176	4
CAGGG	3112920	4.616346	172.1957	3
GGGGA	4115235	4.545145	116.39055	5
TTTTT	4175210	4.475931	5.4089427	80-84
TGCCT	1764315	4.4247746	291.9402	3
GCTTC	1573375	3.945911	222.78433	3
CCAGG	1678710	3.342592	151.5134	5
TTTTC	1992765	3.1286495	3.9471192	75-79
GGGGC	1357435	3.0164332	53.54342	5
GGGCA	1990515	2.951861	66.47858	5
GGGGT	1945325	2.9516923	75.04423	5
AGGGG	2660040	2.937929	101.4114	4
TGCCA	1599775	2.9204388	138.30565	3
GCTGG	1415970	2.884764	160.67488	2
GCATC	1561650	2.8508406	167.59633	3
CTTCC	818870	2.757448	98.608505	4
CTGCC	747310	2.7448056	126.98463	2
TTGCC	1093295	2.741905	100.81754	2
TGGGC	1316205	2.681512	96.755325	4
GCCAG	1335850	2.6599002	150.98738	4
CTCTG	1051410	2.6368604	71.59	7
TTCTC	1119585	2.5742674	53.65832	5
GTGCC	938970	2.5685334	142.05345	2
TCTGG	1370905	2.5606198	80.24981	2
CCCTG	688090	2.5272958	83.42862	7
CTTCT	1094620	2.5168653	71.146225	4
TCTCT	1079965	2.4831688	65.80315	6
TTCCC	682095	2.2968743	64.62421	5
ATGCC	1246205	2.2749863	121.15124	2
CTTCA	1335800	2.2356932	48.63836	4
TCCCT	656595	2.2110057	76.43631	6
TGCTG	1176745	2.1979618	40.841553	1
TTTGC	1270295	2.1753235	18.763208	1
CACTG	1186010	2.165098	50.069927	7
GGGAA	2848735	2.0997176	33.708572	6
ACTGG	1539155	2.0926387	67.33154	2
TGCTT	1207940	2.0685437	31.327883	2
ATGGG	2016230	2.041619	74.179436	3
GGCTT	1072000	2.0023155	48.519093	2
TTGCT	1130730	1.9363248	6.2762914	1
CATGG	1423675	1.935632	36.41944	5
CATCC	776460	1.9032054	72.57992	4
CCCAG	711425	1.9020158	42.3823	7
CTTGC	747955	1.8758172	29.679983	1
GCTGC	682775	1.8677171	20.445858	1
CATCT	1113915	1.8643302	55.544025	4
GGCTG	909775	1.8534899	37.263275	1
TCCTG	720910	1.8079903	42.843765	1
TTCAC	1072595	1.795174	37.707474	5
GGGCT	877610	1.7879599	21.5391	5
TCACT	1064500	1.7816256	45.907284	6
TTCTG	1034830	1.7721002	17.424168	1
TTCCA	1026205	1.7175323	16.602945	5
GGGAG	1537045	1.6976169	20.235085	6
GGGAC	1139860	1.6903707	25.787224	6
TGCAT	1348715	1.681178	33.23147	3
TCTGC	668220	1.6758475	30.248459	1
TTGCA	1339280	1.6694171	13.342929	2
CTGCA	899240	1.6415904	10.673947	2
TCCCA	663180	1.625541	38.91377	6
CTTGG	869785	1.624612	6.1426525	6
GGGTG	1068385	1.6210884	16.443102	6
TGGCT	858520	1.6035708	10.532004	1
GGGCC	537060	1.6024141	14.633455	5
GGCAT	1175105	1.5976756	35.680725	2
GCAGG	1073395	1.5918053	51.450035	2
TTCAA	1905090	1.5847644	5.3817053	5
CGCTG	579280	1.5846087	63.13533	1
TGTGC	846280	1.5807086	28.425623	1
CATCA	1287915	1.5690333	35.992516	4
GGGAT	1534400	1.5537217	24.494474	6
AGCTT	1240630	1.5464495	32.395702	2
CTGCT	614680	1.5415729	8.841183	1
TCTCA	918685	1.5375788	33.899002	6
CCTGC	415910	1.5276018	20.756542	1
GGGTT	1086990	1.512119	18.865515	6
CCATG	822880	1.502193	27.13324	7
CTCAG	820920	1.4986148	37.00663	7
GGCAG	1009865	1.4975927	12.940719	6
CAGCT	816315	1.4902084	9.438429	1
AGCTG	1078255	1.465998	21.6005	1
GGCTC	534645	1.4625105	7.4518204	6
CAAGG	1467195	1.4520246	17.516457	5
GTTGC	777155	1.4515947	17.757627	1
CATGC	791185	1.4443327	32.424	1
GGGTC	708165	1.4427487	17.674309	6
GCATG	1056675	1.4366579	36.191994	4
ATCTC	857310	1.4348571	42.882755	5
GGTTT	1120060	1.4285098	5.3540654	7
CGTGC	511285	1.3986098	37.87642	1
ATTGC	1120110	1.3962208	23.50398	1
TGCAA	1527615	1.3860587	16.044222	3
TGCAG	1018720	1.3850541	16.31454	1
TCCAT	827320	1.3846635	24.893194	6
ACTGC	758110	1.3839533	28.159338	1
GGTGC	675380	1.3759556	28.136082	1
GGCAA	1387520	1.3731734	15.256203	6
TCAGG	1009500	1.3725187	37.833218	2
CGCTT	545650	1.3684508	47.523064	2
CCAAG	1020045	1.3554476	6.1854115	7
TGGGT	966655	1.3447202	31.957382	4
GCAAG	1357430	1.3433945	17.448002	4
CAGCA	1007545	1.3388375	6.8870406	1
TTCAG	1058070	1.318888	9.281073	1
CACAG	989040	1.3142478	24.670113	7
ACCTG	711715	1.2992578	26.250738	1
AGGGC	876100	1.2992243	27.989779	4
GGAAA	2620975	1.2892212	9.067009	7
TCCAG	706060	1.2889344	15.152699	1
GGAAG	1721965	1.269209	9.836	7
GTGCT	678070	1.2665206	8.594594	1
TCACA	1027370	1.2516181	22.663416	6
GTCTG	667780	1.2473007	21.182775	1
TGGGA	1221985	1.2373726	29.35656	4
ATCCC	501665	1.2296468	47.73801	5
GGCAC	616840	1.2282314	17.730804	6
GGAGG	1087845	1.2014899	5.3291383	7
GTGCA	881415	1.1983739	15.562862	2
TCCAA	971185	1.1831692	5.738822	6
AATGC	1302675	1.1819626	26.723011	1
AACTG	1296820	1.17665	9.173084	1
GATGG	1158215	1.1727996	19.660381	2
TCATG	933910	1.1641221	10.459055	1
AGCAG	1172265	1.1601441	9.367951	1
TGGCA	847615	1.1524194	8.302452	1
GGTTG	828155	1.152052	6.215642	7
GATGC	842255	1.145132	22.900541	1
TCGCT	454505	1.1398656	12.421235	1
CAATG	1245600	1.1301764	8.494091	7
ATCAC	924210	1.1259409	28.786242	5
GGACC	562560	1.1201509	5.065944	7
ATGCA	1228455	1.1146203	15.435815	2
AAGGG	1509730	1.1127769	12.990985	6
ATGCT	888680	1.1077427	8.349336	1
GCACC	413825	1.1063734	5.1488395	7
GAGCT	806495	1.0965126	7.4386177	1
AAGCT	1199630	1.0884662	8.679397	1
ACAGG	1093490	1.0821836	26.665518	2
GGAGA	1455905	1.0731041	5.021308	7
AGTGC	787930	1.0712715	28.255133	1
GGATT	1150920	1.0684675	6.117812	7
CGCAG	530705	1.0567222	15.202523	1
CCGCA	393890	1.0530765	9.846721	1
GGGCG	473515	1.0522246	14.139153	5
GGTTC	559910	1.0458176	5.2195787	7
GACTG	767275	1.0431889	14.382956	1
GGAAC	1051325	1.0404545	6.1762037	7
AGGCT	765125	1.0402658	11.5690565	1
GGATG	1023260	1.0361452	8.083796	7
GGGTA	1012420	1.0251687	16.697966	6
TCAAT	1227415	1.0210351	7.8209925	6
AAGCA	1532655	1.0122465	5.9231486	1
ATCCA	829390	1.0104243	12.231878	5
ATCTG	810110	1.009805	12.659529	1
GGACG	677195	1.0042554	5.596881	7
AGGGA	1354755	0.99854946	9.5442915	4
TACTG	789545	0.98417056	18.853163	1
ACCAG	734300	0.9757464	10.948446	1
AGCAT	1073955	0.9744369	23.568638	2
TTCTA	851285	0.9728592	8.661504	5
TCTCG	386055	0.9681981	9.762998	5
GCACT	523200	0.9551178	5.2386003	7
GGACA	961895	0.9519493	6.818879	7
AGGCA	938235	0.9285339	8.020065	1
CGCAT	501790	0.91603315	35.8544	2
CTCGG	330475	0.9040076	20.137295	6
AATGG	1333715	0.90126675	7.567921	2
ACATG	986540	0.89512223	6.8050556	1
CGGCT	327005	0.8945155	18.83	1
GGTCC	326845	0.89407784	5.6435895	6
GGATC	657200	0.8935307	7.0408697	7
CGGGG	401180	0.89148474	35.051083	8
TATGC	713470	0.8893427	24.432087	1
ATCAG	966510	0.8769483	6.690111	1
GGAAT	1294295	0.87462854	5.295117	7
TTGGG	623815	0.86779326	6.856569	7
GAGCA	869125	0.8601385	5.066821	1
TCGCA	469485	0.85705936	9.51463	1
GTCAG	629800	0.8562776	7.7441607	1
TATGG	916420	0.85076714	16.282656	2
GGACT	624350	0.8488678	5.7267237	7
CCGCT	228750	0.8401792	10.995995	1
CACGG	414475	0.8252889	24.286787	6
GCGCT	297855	0.8147763	12.507305	1
AGGGT	788860	0.79879355	9.297398	4
CTATG	625740	0.7799871	14.365449	7
ACTCG	416880	0.7610274	6.309731	5
TCTAT	661195	0.75562197	13.164357	6
CGATG	554425	0.7537976	8.505708	1
TCACG	411345	0.75092304	9.957282	5
CGGCA	370915	0.7385537	14.416787	1
ACGGG	492595	0.7305003	24.82492	7
CGGGC	239710	0.7152175	15.185038	8
GCGCA	358035	0.7129075	8.650846	1
TACAG	774645	0.7028625	7.80212	1
TCGGG	338015	0.68863994	16.941174	7
ACGCT	377115	0.68843514	11.990314	1
TAGCA	756255	0.68617666	6.232537	1
TAGCT	548185	0.6833145	7.4841504	1
ACGCA	464075	0.6166683	8.647177	1
ACACG	445520	0.59201217	8.939585	5
GGTAC	429310	0.5836909	5.3192263	6
ATCTA	616875	0.5131524	6.2962723	5
TAGGG	385640	0.3904961	7.566189	7
CTAGG	272950	0.37110347	5.981244	6
>>END_MODULE
