##FastQC	0.10.1
>>Basic Statistics	pass
#Measure	Value	
Filename	Acer-059_S39_L001_R1_001.fastq.gz	
File type	Conventional base calls	
Encoding	Sanger / Illumina 1.9	
Total Sequences	13417235	
Filtered Sequences	0	
Sequence length	101	
%GC	37	
>>END_MODULE
>>Per base sequence quality	pass
#Base	Mean	Median	Lower Quartile	Upper Quartile	10th Percentile	90th Percentile
1	36.259376689757616	37.0	37.0	37.0	37.0	37.0
2	36.32291787391367	37.0	37.0	37.0	37.0	37.0
3	36.28634916210382	37.0	37.0	37.0	37.0	37.0
4	36.31180776068989	37.0	37.0	37.0	37.0	37.0
5	36.45935403233229	37.0	37.0	37.0	37.0	37.0
6	36.50132005588335	37.0	37.0	37.0	37.0	37.0
7	36.523441156095124	37.0	37.0	37.0	37.0	37.0
8	36.513579064539	37.0	37.0	37.0	37.0	37.0
9	36.53026476766637	37.0	37.0	37.0	37.0	37.0
10-14	36.41600416181128	37.0	37.0	37.0	37.0	37.0
15-19	36.35835911050227	37.0	37.0	37.0	37.0	37.0
20-24	36.353709463984195	37.0	37.0	37.0	37.0	37.0
25-29	36.2626814541148	37.0	37.0	37.0	37.0	37.0
30-34	36.200737648256144	37.0	37.0	37.0	37.0	37.0
35-39	36.143461912979845	37.0	37.0	37.0	37.0	37.0
40-44	36.04074568269841	37.0	37.0	37.0	37.0	37.0
45-49	35.90626866116603	37.0	37.0	37.0	37.0	37.0
50-54	35.83571615165122	37.0	37.0	37.0	37.0	37.0
55-59	35.735254558782046	37.0	37.0	37.0	37.0	37.0
60-64	35.60412250363059	37.0	37.0	37.0	37.0	37.0
65-69	35.51531553259669	37.0	37.0	37.0	37.0	37.0
70-74	35.39225941857618	37.0	37.0	37.0	37.0	37.0
75-79	35.2902739647923	37.0	37.0	37.0	37.0	37.0
80-84	35.11359574457778	37.0	37.0	37.0	25.0	37.0
85-89	35.024228002267236	37.0	37.0	37.0	25.0	37.0
90-94	34.90636082620599	37.0	37.0	37.0	25.0	37.0
95-99	34.73573425523217	37.0	37.0	37.0	25.0	37.0
100-101	34.5922495208588	37.0	37.0	37.0	25.0	37.0
>>END_MODULE
>>Per sequence quality scores	pass
#Quality	Count
14	1.0
15	4.0
16	42.0
17	116.0
18	218.0
19	342.0
20	834.0
21	2486.0
22	5991.0
23	15754.0
24	29648.0
25	47595.0
26	65054.0
27	87868.0
28	113249.0
29	152157.0
30	193887.0
31	257468.0
32	330064.0
33	453757.0
34	645386.0
35	1213591.0
36	7649476.0
37	2152247.0
>>END_MODULE
>>Per base sequence content	fail
#Base	G	A	T	C
1	20.696571059517453	30.34623436593389	25.701612105907756	23.255582468640903
2	29.47642201641272	26.931645101853785	21.29752596870535	22.294406913028148
3	19.943658259827902	13.077534141043367	26.490232766696064	40.48857483243267
4	26.3856670755939	17.853556847096492	35.5919929761903	20.16878310111931
5	47.4439182141477	13.372576391484534	12.647911436298164	26.535593958069605
6	47.441659924716234	7.026306090636409	20.099916264416624	25.432117720230735
7	47.6797454135967	13.9967294251049	18.297399020198903	20.026126141099496
8	57.93794324985737	13.286127879551934	12.110691957023931	16.665236913566766
9	46.34221855423854	25.482143957825443	8.414869822976062	19.760767664959953
10-14	40.98677142219837	28.54394805519103	18.010458281799956	12.458822240810642
15-19	21.36506891269139	41.34965699723202	22.602605834836236	14.682668255240353
20-24	19.91755914711287	42.180512739759415	24.032302222945933	13.869625890181785
25-29	18.697127454108955	41.79964104505128	24.905614977917253	14.597616522922507
30-34	18.60193163504304	41.29065288436858	24.501390837034943	15.606024643553432
35-39	18.77009114452417	41.03586460891569	24.5726632910098	15.62138095555034
40-44	18.605789484714876	41.15065426616888	24.576947806487624	15.666608442628618
45-49	18.874341748597278	41.068243731721076	24.337717151915104	15.71969736776654
50-54	19.1888875405062	41.120267707809575	23.979649660563084	15.711195091121146
55-59	18.874280666249994	41.27526350545636	24.046200085277228	15.804255743016418
60-64	18.673751376276883	41.62623752004576	24.06950058330454	15.630510520372818
65-69	18.771730831264126	41.51224053606791	23.953789248168935	15.762239384499036
70-74	18.55027894635628	41.575964952589025	24.15711509443827	15.716641006616422
75-79	18.48920474330403	41.784933062844885	24.075538421195244	15.650323772655838
80-84	18.61761523362349	41.88057390762773	24.153598850623766	15.348212008125017
85-89	18.761122371188883	41.797586405298375	24.02936305248554	15.411928171027201
90-94	18.716014141512762	41.850815015165196	24.082818852021298	15.350351991300743
95-99	18.999196183118205	41.63204415812945	24.038891768684085	15.329867890068261
100-101	18.887416073430927	41.646609752307384	24.06328502109414	15.402689153167548
>>END_MODULE
>>Per base GC content	fail
#Base	%GC
1	43.952153528158355
2	51.77082892944086
3	60.43223309226057
4	46.55445017671321
5	73.9795121722173
6	72.87377764494697
7	67.7058715546962
8	74.60318016342413
9	66.1029862191985
10-14	53.445593663009014
15-19	36.04773716793174
20-24	33.787185037294655
25-29	33.29474397703146
30-34	34.20795627859647
35-39	34.39147210007451
40-44	34.2723979273435
45-49	34.594039116363824
50-54	34.90008263162735
55-59	34.678536409266414
60-64	34.3042618966497
65-69	34.53397021576316
70-74	34.2669199529727
75-79	34.13952851595987
80-84	33.96582724174851
85-89	34.17305054221608
90-94	34.0663661328135
95-99	34.329064073186466
100-101	34.29010522659848
>>END_MODULE
>>Per sequence GC content	fail
#GC Content	Count
0	2910.0
1	2352.5
2	1438.0
3	2155.0
4	14237.5
5	61376.0
6	148995.0
7	236709.5
8	283635.5
9	281110.5
10	239379.5
11	178009.0
12	120082.0
13	80158.5
14	57385.0
15	45683.5
16	39448.5
17	35147.5
18	31930.0
19	29967.0
20	29258.0
21	29514.0
22	30925.5
23	34005.5
24	38852.5
25	46112.5
26	57195.5
27	72814.5
28	93230.0
29	120177.0
30	155429.0
31	198119.0
32	244980.0
33	291441.0
34	336050.0
35	378653.0
36	419557.5
37	459032.5
38	494653.5
39	525830.5
40	554711.0
41	572658.0
42	572989.0
43	564699.5
44	551192.0
45	534878.5
46	513250.5
47	483683.5
48	443192.5
49	388644.0
50	334672.0
51	291946.0
52	259363.5
53	220842.0
54	174124.5
55	137477.0
56	113535.0
57	97354.0
58	86091.0
59	75945.0
60	65596.0
61	56775.0
62	50778.5
63	46732.5
64	43137.0
65	38065.0
66	33181.0
67	26768.5
68	22102.0
69	22843.0
70	24152.5
71	24630.0
72	20951.5
73	13175.5
74	5978.5
75	2290.0
76	969.5
77	431.5
78	183.5
79	113.5
80	88.5
81	74.0
82	70.0
83	68.0
84	71.5
85	60.0
86	41.5
87	31.5
88	20.0
89	17.5
90	13.5
91	4.5
92	6.5
93	8.5
94	8.5
95	8.0
96	11.0
97	11.5
98	13.5
99	13.5
100	4.5
>>END_MODULE
>>Per base N content	pass
#Base	N-Count
1	0.039777197015629526
2	0.04325779491825253
3	0.004017221133862528
4	1.1179650650823361E-4
5	0.0
6	0.0
7	1.6396820954540933E-4
8	0.0
9	0.0017589317023962092
10-14	3.02595877615619E-4
15-19	6.245698163593319E-4
20-24	2.683116156197607E-5
25-29	4.75507807681687E-4
30-34	4.680547072478048E-4
35-39	0.0014309952833053904
40-44	7.169882617394716E-4
45-49	0.0015711135714623766
50-54	0.0025221291868257507
55-59	0.005646468888709186
60-64	4.3526106533872287E-4
65-69	0.005631562687841422
70-74	0.016533958002524364
75-79	0.006072786233527251
80-84	7.154976416526952E-5
85-89	1.4608076850409194E-4
90-94	0.0
95-99	0.0
100-101	0.0
>>END_MODULE
>>Sequence Length Distribution	pass
#Length	Count
101	1.3417235E7
>>END_MODULE
>>Sequence Duplication Levels	fail
#Total Duplicate Percentage	77.33096461730432
#Duplication Level	Relative count
1	100.0
2	39.42492489690818
3	28.559699960815777
4	25.702983598604295
5	24.092698673334205
6	22.609295990147967
7	20.344074785886217
8	17.575056443938575
9	14.858283731084283
10++	80.01604687179295
>>END_MODULE
>>Overrepresented sequences	pass
>>END_MODULE
>>Kmer Content	fail
#Sequence	Count	Obs/Exp Overall	Obs/Exp Max	Max Obs/Exp Position
AAAAA	166358375	14.584614	17.635872	95-97
CTGGG	6644865	13.188199	628.0034	3
CCTGG	3334660	9.010009	439.3693	5
TGGGG	6005470	8.75532	402.09296	4
GGGGG	5113990	8.034761	235.83356	5
GCCTG	2407215	6.5041194	438.36963	4
TTTTT	5702165	6.163294	7.5583186	80-84
TGCCT	2390235	5.9927506	406.80563	3
GCTTC	2129425	5.338853	309.11285	3
CAGGG	4364995	5.242018	197.65094	3
GGGGA	5767220	5.0875306	135.9697	5
TTTTC	2530590	4.012889	5.032322	90-94
GGGGC	1805665	3.8621092	73.144165	5
CCAGG	2345790	3.8351133	175.47238	5
GGGGT	2598755	3.7887015	98.99082	5
GCTGG	1893180	3.757433	218.52266	2
CTGCC	1012345	3.7237148	178.47072	2
TTGCC	1455010	3.647973	140.79149	2
CTTCC	1065230	3.6358275	139.04622	4
TGGGC	1799690	3.5718815	131.81146	4
TTTTG	3052475	3.5556026	4.2323465	95-97
CTCTG	1401630	3.5141397	99.08868	7
TTTCT	2198330	3.4860067	4.2544165	50-54
TTCTT	2186210	3.4667873	4.1632066	40-44
CTTTT	2176080	3.4507236	4.2690506	30-34
GTGCC	1264770	3.4173164	195.14641	2
TCTGG	1846540	3.4007137	111.894	2
CTTCT	1460460	3.3977177	98.5553	4
TCTCT	1448535	3.3699746	92.04822	6
CCCTG	910545	3.3492637	115.48313	7
TTTGT	2852815	3.3230333	4.2262106	20-24
TTCTC	1420815	3.3054845	73.83433	5
GGGCA	2718570	3.2647903	75.50715	5
TCTTT	2056195	3.2606158	3.9510062	60-64
TGCCA	2146365	3.256152	162.01367	3
GTTTT	2789430	3.2492006	3.9906487	20-24
AGGGG	3644595	3.215065	113.42114	4
GCATC	2098675	3.183803	194.77911	3
TTGTT	2682305	3.1244187	3.8546224	20-24
GCCAG	1814930	2.9672146	174.72534	4
TTCCC	864185	2.9496236	91.64772	5
TTTGC	1678535	2.8684928	25.815191	1
TCCCT	837850	2.8597379	107.20253	6
TGCTG	1510265	2.7814069	56.653603	1
TGCTT	1576580	2.6942592	44.039978	2
GGCTT	1405155	2.587829	65.27671	2
ATGCC	1689830	2.5635636	141.5739	2
GCTGC	929175	2.5105631	28.078558	1
CTTCA	1752140	2.466504	57.516525	4
CCCAG	1107415	2.4647548	49.220528	7
TTGCT	1428820	2.4417484	9.059621	1
CCGTC	662125	2.4354985	5.1956162	50-54
CTTGC	967475	2.4256344	41.509914	1
GGCTG	1203235	2.3880851	49.905354	1
CACTG	1553220	2.3563187	59.004166	7
GGGCT	1180360	2.3426847	28.811138	5
TCCTG	915805	2.2960887	59.33448	1
ATGGG	2798140	2.290456	84.22152	3
TTCTG	1319595	2.2550907	23.253746	1
ACTGG	2009410	2.2392128	78.59834	2
TCTGC	870970	2.1836789	41.644997	1
CATGG	1921475	2.1412213	43.55361	5
CTTGG	1158880	2.1342723	8.829783	6
CGCTG	780545	2.1089756	86.083534	1
GGGTG	1445965	2.1080594	21.522257	6
GGGCC	717485	2.0891733	19.966003	5
CATCC	1000830	2.066977	84.60634	4
GGGTT	1520495	2.0569422	25.618515	6
CATCT	1458045	2.052504	65.547585	4
GGCCC	517650	2.0519755	5.907668	8
GGGAA	4136405	2.0487595	36.547764	6
CTGCT	806135	2.021126	12.622129	1
TTCAC	1424100	2.004719	44.849354	5
TGGCT	1088320	2.0043242	14.442079	1
TGTGC	1087650	2.0030901	39.5566	1
CCTGC	538925	1.9823315	28.676891	1
TCACT	1391320	1.9585747	54.709007	6
CGTGC	711940	1.92361	51.32304	1
GGTTT	1503965	1.8879341	7.4619336	7
GGGAG	2134365	1.8828217	21.955168	6
TGCAT	1812240	1.8739347	40.27215	3
GGGAC	1559785	1.8731798	27.271019	6
CGCTT	747025	1.8729265	65.80844	2
GGCTC	691885	1.8694228	9.548617	6
GTTGC	993085	1.8289329	24.59605	1
GGGTC	921150	1.8282254	22.622509	6
TCCCA	879895	1.8172145	45.790054	6
TTGCA	1751115	1.810729	15.91076	2
TTCCA	1276305	1.7966667	19.25119	5
CTGCA	1158825	1.7580003	12.60952	2
GGTGC	881795	1.7501167	38.570583	1
GTCTG	942210	1.7352381	29.21133	1
GCAGG	1441985	1.7317113	59.31791	2
GGCAT	1549590	1.7268062	40.580856	2
TGGGT	1274765	1.7245158	43.3365	4
AGCTT	1638440	1.694218	37.533997	2
GGGAT	2041715	1.6712738	27.130926	6
GTGCT	887080	1.6337069	11.671839	1
TCTCA	1159920	1.6328304	39.017097	6
GGCAG	1340115	1.6093735	14.733946	6
CTCAG	1056130	1.6022063	42.069843	7
CCATG	1053610	1.5983834	31.247238	7
ATCTC	1123415	1.5814421	50.251488	5
GCATG	1416180	1.5781388	43.31951	4
CATGC	1031010	1.5640981	37.943497	1
AGCTG	1399600	1.5596627	25.299183	1
CAGCT	1020520	1.548184	10.891385	1
TCGCT	599005	1.5018137	16.80963	1
TCCAT	1066020	1.5006467	29.034634	6
GGTTG	1104860	1.4946667	8.351212	7
ACTGC	985090	1.4944351	33.815506	1
TCAGG	1339205	1.4923608	43.324276	2
ATTGC	1437970	1.4869233	27.819199	1
TGCAG	1314210	1.4645072	18.79765	1
GGTGG	992985	1.4476639	5.3706656	7
AGGGC	1203330	1.4451052	31.522827	4
TTCAA	2467075	1.4323481	5.1895046	5
TGGGA	1748460	1.4312259	37.45644	4
CATCA	1637570	1.3948529	35.435146	4
TTCAG	1343890	1.3896406	10.115435	1
TCCAG	914105	1.3867468	17.241688	1
GGGCG	645935	1.3815805	18.89	5
ATCCC	654430	1.35157	55.471577	5
ACCTG	877740	1.3315791	30.817812	1
GGTTC	719330	1.3247671	7.1810093	7
GGCCA	806240	1.3181154	5.9172597	6
GGCAC	800620	1.3089272	19.276484	6
GTGCA	1168565	1.3022058	18.779491	2
GGTCT	701340	1.2916355	5.6215515	7
GGAGG	1462725	1.2903372	5.729333	7
CAAGG	1897245	1.27928	16.95908	5
GGCAA	1880620	1.2680701	15.380563	6
TCTCG	502960	1.2610115	13.857567	5
TGCAA	2005215	1.2546284	15.705621	3
TCATG	1191215	1.2317681	11.859563	1
CGGCT	455690	1.2312411	25.129065	1
GGAAG	2483070	1.2298635	9.016898	7
GGCGG	574200	1.2281475	5.690642	6
GATGC	1086165	1.2103823	26.24683	1
GCACC	539365	1.2004557	5.5340714	7
CACAG	1305515	1.1983906	23.988466	7
TGGCA	1075095	1.1980463	9.23845	1
GATGG	1463140	1.1976733	22.550838	2
GAGCT	1073510	1.19628	8.537994	1
CAGCA	1288010	1.1823219	6.649458	1
GCAAG	1747095	1.1780365	16.8882	4
AGTGC	1053975	1.1745111	32.974457	1
CGGGG	548420	1.173007	48.82577	8
CCAAG	1266465	1.1625448	5.8549933	7
ATGCT	1121980	1.160176	9.696845	1
GGATT	1520875	1.1552023	7.0782027	7
TCACA	1351335	1.1510429	22.333397	6
CTCGG	425560	1.1498322	28.913168	6
GGACC	697450	1.1402556	5.893473	6
GGGTA	1367285	1.1192099	18.826466	6
CCGCT	300260	1.1044482	15.659631	1
CGCAG	675535	1.1044267	17.903252	1
GCGCT	408510	1.1037643	16.949429	1
TACTG	1063785	1.0999999	22.58582	1
GGTCC	406180	1.0974689	6.9986506	6
TTGGG	808150	1.0932741	9.606287	7
ATCTG	1054515	1.0904143	15.634908	1
GACTG	976300	1.0879527	16.225704	1
TTCTA	1129995	1.0842447	10.180037	5
GGATG	1322205	1.0823091	8.748288	7
AGGCT	964610	1.0749259	12.852156	1
CCGCA	477565	1.0629083	11.025629	1
GGAAA	3820990	1.0626036	9.980067	7
AATGC	1696060	1.0611957	26.36201	1
ATCAC	1239695	1.0559499	28.42437	5
AGCAG	1541940	1.0397038	9.119155	1
AAGGG	2090685	1.0355154	12.402619	6
GCACT	682580	1.0355108	5.501062	7
CAATG	1654110	1.0349482	8.139161	7
AACTG	1639225	1.0256349	9.259684	1
ATGCA	1630730	1.0203197	15.299679	2
TCCAA	1197185	1.0197408	5.515602	6
CGCAT	671445	1.0186183	41.69437	2
GGTCA	906510	1.0101814	5.368699	6
GGACG	831685	0.99878883	5.9779124	7
TATGC	952105	0.9845179	28.43002	1
ACAGG	1453715	0.98021525	26.287111	2
GGATC	878715	0.9792077	7.602324	7
AAGCT	1542120	0.96487796	8.217704	1
CGGGC	330890	0.9634856	21.297966	8
ACCAG	1034440	0.94955873	10.84391	1
AGGGA	1916245	0.9491153	9.881094	4
TCGGG	476605	0.9459277	24.155828	7
TATGG	1232290	0.93600327	18.700962	2
AGGGT	1130010	0.9249852	10.41727	4
TCAAT	1590390	0.9233574	7.584333	6
CACGG	563215	0.9207957	28.663383	6
TCGCA	592645	0.89907455	11.300061	1
GGACT	806410	0.8986338	6.0734286	7
GGAAC	1330640	0.897228	5.8381	7
ATCCA	1045725	0.89072984	11.902215	5
GTCAG	794675	0.8855566	8.924732	1
AGCAT	1400305	0.8761468	23.13045	2
GGACA	1267815	0.85486615	6.175574	7
CTATG	814885	0.8426265	16.902512	7
CGATG	750530	0.836363	9.832351	1
TCTAT	858730	0.82396245	15.697724	6
AGGCA	1218060	0.82131714	7.62706	1
CGGCA	493220	0.8063614	16.839895	1
AATGG	1752165	0.80529493	7.2629404	2
TCACG	529430	0.80317396	11.695723	5
GGAAT	1746770	0.8028154	5.159992	7
ACTCG	522615	0.79283524	7.8155413	5
ACATG	1254395	0.7848534	6.815844	1
ATCAG	1222190	0.7647033	6.8231325	1
GCGCA	466475	0.7626362	9.708274	1
ACGCT	501535	0.76085573	13.968601	1
ACGGG	629855	0.75640666	29.363058	7
TAGCT	716915	0.74132127	8.8787365	1
ACACG	718770	0.6597911	9.017393	5
TAGCA	1020550	0.63854057	6.098211	1
TACAG	974205	0.6095433	7.8061957	1
GGTAC	546685	0.60920566	5.528668	6
CGGGT	277700	0.5511569	6.08804	8
ACGCA	594885	0.54607147	8.522124	1
GGTAG	657365	0.5380952	5.0591364	7
ATCTA	836165	0.48546532	6.3326545	5
TAGGG	539225	0.44139004	8.853488	7
CTAGG	375140	0.41804224	7.279143	6
>>END_MODULE
