##FastQC	0.10.1
>>Basic Statistics	pass
#Measure	Value	
Filename	ACER-112_S69_L001_R1_001.fastq.gz	
File type	Conventional base calls	
Encoding	Sanger / Illumina 1.9	
Total Sequences	13680610	
Filtered Sequences	0	
Sequence length	101	
%GC	43	
>>END_MODULE
>>Per base sequence quality	pass
#Base	Mean	Median	Lower Quartile	Upper Quartile	10th Percentile	90th Percentile
1	36.28439323977513	37.0	37.0	37.0	37.0	37.0
2	36.35459749236328	37.0	37.0	37.0	37.0	37.0
3	36.31814385469654	37.0	37.0	37.0	37.0	37.0
4	36.33817505213583	37.0	37.0	37.0	37.0	37.0
5	36.485869855218446	37.0	37.0	37.0	37.0	37.0
6	36.525315610926704	37.0	37.0	37.0	37.0	37.0
7	36.55264195090716	37.0	37.0	37.0	37.0	37.0
8	36.53613603486979	37.0	37.0	37.0	37.0	37.0
9	36.55009491535831	37.0	37.0	37.0	37.0	37.0
10-14	36.43042010553623	37.0	37.0	37.0	37.0	37.0
15-19	36.35085701587868	37.0	37.0	37.0	37.0	37.0
20-24	36.34013247947278	37.0	37.0	37.0	37.0	37.0
25-29	36.25747375299785	37.0	37.0	37.0	37.0	37.0
30-34	36.20259605383093	37.0	37.0	37.0	37.0	37.0
35-39	36.16259197506544	37.0	37.0	37.0	37.0	37.0
40-44	36.111454986290816	37.0	37.0	37.0	37.0	37.0
45-49	36.04856621159437	37.0	37.0	37.0	37.0	37.0
50-54	36.000374471606165	37.0	37.0	37.0	37.0	37.0
55-59	35.94240764117974	37.0	37.0	37.0	37.0	37.0
60-64	35.86875227054934	37.0	37.0	37.0	37.0	37.0
65-69	35.805129625067885	37.0	37.0	37.0	37.0	37.0
70-74	35.71810759900326	37.0	37.0	37.0	37.0	37.0
75-79	35.65047337801458	37.0	37.0	37.0	37.0	37.0
80-84	35.55563058957166	37.0	37.0	37.0	37.0	37.0
85-89	35.49742186934647	37.0	37.0	37.0	37.0	37.0
90-94	35.40765718780084	37.0	37.0	37.0	37.0	37.0
95-99	35.314002343462754	37.0	37.0	37.0	37.0	37.0
100-101	35.18874143769905	37.0	37.0	37.0	31.0	37.0
>>END_MODULE
>>Per sequence quality scores	pass
#Quality	Count
15	12.0
16	53.0
17	175.0
18	246.0
19	474.0
20	1533.0
21	4218.0
22	7752.0
23	14599.0
24	23619.0
25	36395.0
26	50575.0
27	69521.0
28	90696.0
29	125015.0
30	160024.0
31	211419.0
32	265875.0
33	358559.0
34	510207.0
35	1034621.0
36	8226744.0
37	2488278.0
>>END_MODULE
>>Per base sequence content	fail
#Base	G	A	T	C
1	20.005658392918424	32.23449994848362	25.419938968623708	22.339902689974252
2	29.249308875324942	27.57741751769604	21.246076362877968	21.927197244101052
3	20.05164877546145	13.397446449921535	26.214187740842675	40.336717033774335
4	26.069147420978776	18.122995655818237	35.485885594027806	20.32197132917518
5	47.115428332508564	13.842219023859318	12.870018222871641	26.17233442076048
6	47.12220434615123	7.134389475323104	20.219639328948052	25.523766849577612
7	47.39249705732484	14.310658927520539	18.128216649309945	20.168627365844678
8	60.08582950614044	11.875859336681623	11.560785666721001	16.47752549045693
9	49.74044538892915	23.926537594995686	7.824970662317463	18.508046353757702
10-14	43.47198875649253	25.954960885111607	17.585174150774467	12.987876207621396
15-19	24.67587724765102	35.00254390788518	23.145782660942558	17.175796183521236
20-24	23.846510476795128	34.16967351459461	24.658218707192592	17.32559730141767
25-29	22.239537964788315	33.99153151031116	25.582723630768538	18.186206894131978
30-34	22.110691962994125	33.43843630173881	25.500870856647573	18.95000087861949
35-39	22.450352236863985	33.10986756624886	25.608828673085814	18.830951523801343
40-44	22.236177185409	33.3529588099631	25.538909092397606	18.87195491223029
45-49	22.32250295652546	33.54425624728417	25.30548813842409	18.827752657766283
50-54	22.6624919985243	33.68191856180816	24.98555841912404	18.670031020543497
55-59	22.214391906736143	34.26571089416412	24.744416986926538	18.775480212173203
60-64	22.07153944931867	34.462425663303705	24.66307405497533	18.80296083240229
65-69	22.541703736866168	34.201906370493376	24.69307453770207	18.563315354938382
70-74	21.928983104397002	34.35282533256116	25.08470552620654	18.633486036835293
75-79	21.964904010355575	34.74587683518687	25.048118690806692	18.24110046365086
80-84	22.293343039729233	34.93408703509189	24.89767153072671	17.874898394452163
85-89	21.996649121372023	34.80522003764311	24.758018129479932	18.440112711504934
90-94	21.87682452576054	34.905284704487364	24.983188980362556	18.234701789389536
95-99	22.430368236504076	35.00675189191125	24.710446390913855	17.85243348067082
100-101	21.79597985762331	35.69337185988052	24.7394304786117	17.771217803884475
>>END_MODULE
>>Per base GC content	fail
#Base	%GC
1	42.34556108289268
2	51.176506119425994
3	60.388365809235786
4	46.39111875015396
5	73.28776275326905
6	72.64597119572885
7	67.56112442316952
8	76.56335499659738
9	68.24849174268685
10-14	56.459864964113926
15-19	41.85167343117225
20-24	41.1721077782128
25-29	40.4257448589203
30-34	41.060692841613616
35-39	41.28130376066533
40-44	41.10813209763929
45-49	41.150255614291744
50-54	41.3325230190678
55-59	40.98987211890935
60-64	40.87450028172096
65-69	41.10501909180455
70-74	40.5624691412323
75-79	40.206004474006434
80-84	40.1682414341814
85-89	40.436761832876954
90-94	40.11152631515007
95-99	40.28280171717489
100-101	39.567197661507784
>>END_MODULE
>>Per sequence GC content	warn
#GC Content	Count
0	7888.0
1	5999.0
2	2944.5
3	1616.5
4	3512.5
5	12628.5
6	30059.5
7	50425.5
8	65878.5
9	72037.5
10	68863.0
11	59252.5
12	48193.5
13	38937.0
14	32701.5
15	28710.5
16	25880.0
17	23945.0
18	22846.5
19	22356.5
20	22456.5
21	23572.0
22	25561.5
23	28644.5
24	33572.5
25	39861.5
26	48531.0
27	61198.5
28	77440.0
29	97156.5
30	123491.0
31	157030.5
32	193162.0
33	231650.0
34	272842.0
35	316463.0
36	361374.0
37	406545.5
38	449332.0
39	489524.0
40	531390.0
41	567664.0
42	587060.5
43	596543.5
44	604782.0
45	605026.0
46	591767.0
47	561653.0
48	516915.5
49	468743.5
50	425874.0
51	391621.5
52	358784.5
53	313589.0
54	264579.5
55	229690.5
56	207986.5
57	195931.5
58	190530.0
59	179441.0
60	159063.5
61	138513.0
62	124908.0
63	122335.0
64	126210.0
65	114119.5
66	83305.5
67	57404.0
68	50329.5
69	53354.0
70	52120.0
71	46773.0
72	37549.5
73	23726.5
74	11229.5
75	4921.0
76	2509.5
77	1238.0
78	452.0
79	135.0
80	86.5
81	90.0
82	90.0
83	69.5
84	43.5
85	37.0
86	35.5
87	29.0
88	27.5
89	25.0
90	21.0
91	19.0
92	19.0
93	14.5
94	14.5
95	14.5
96	17.0
97	17.0
98	16.5
99	12.0
100	1.5
>>END_MODULE
>>Per base N content	pass
#Base	N-Count
1	0.03909913373745761
2	0.04238115113288077
3	0.0037863808704436423
4	9.502500254009142E-5
5	0.0
6	0.0
7	2.2659808298021797E-4
8	0.0
9	0.0018420231261617721
10-14	2.8653693073627564E-4
15-19	6.08160016256585E-4
20-24	3.362423166803235E-5
25-29	4.356530885684191E-4
30-34	4.21033857408405E-4
35-39	0.001352278882301301
40-44	6.79794248940654E-4
45-49	0.00141367965317336
50-54	0.0023463866011822574
55-59	0.005334557450289132
60-64	3.7863808704436427E-4
65-69	0.0051810555231089845
70-74	0.015815084268903212
75-79	0.005778982077553559
80-84	6.286269398806048E-5
85-89	1.388826960201336E-4
90-94	1.4619231160014064E-6
95-99	0.0
100-101	0.0
>>END_MODULE
>>Sequence Length Distribution	pass
#Length	Count
101	1.368061E7
>>END_MODULE
>>Sequence Duplication Levels	fail
#Total Duplicate Percentage	67.6724212944432
#Duplication Level	Relative count
1	100.0
2	52.91710967255696
3	35.691694817167544
4	24.41220408328062
5	15.39910905347025
6	9.712932183088165
7	6.112808365745663
8	4.017334427950419
9	2.7401316232184434
10++	18.16481164959692
>>END_MODULE
>>Overrepresented sequences	pass
>>END_MODULE
>>Kmer Content	fail
#Sequence	Count	Obs/Exp Overall	Obs/Exp Max	Max Obs/Exp Position
AAAAA	65141445	13.754913	19.369045	95-97
CTGGG	6874020	7.4748335	346.21887	3
TGGGG	6663255	5.3937044	245.92252	4
GGGGG	6881830	5.3916793	157.85837	5
CCTGG	3525350	5.149713	236.00385	5
TTTTT	4573650	4.2187705	5.3069763	95-97
TGCCT	2617550	3.9505386	243.30928	3
GGGGA	6294880	3.79423	90.63035	5
GCCTG	2580380	3.7693331	235.47754	4
CAGGG	4575720	3.7049787	135.48616	3
GCTTC	2416220	3.6466815	187.98479	3
CCAGG	2513450	2.733925	118.22231	5
TGCCA	2408300	2.7064962	121.47165	3
GCATC	2366075	2.6590433	148.17415	3
TCTGG	2347505	2.6374114	69.08226	2
CTTCT	1671320	2.6061628	68.51808	4
CTCTG	1721675	2.5984392	61.697475	7
CTTCC	1244510	2.523189	81.627266	4
AGGGG	4125450	2.4866087	85.43906	4
TTGCC	1634600	2.467021	83.71234	2
CTGCC	1250830	2.4545345	94.24534	2
GCTGG	2224720	2.4191687	120.935265	2
GTGCC	1645945	2.4043417	103.61682	2
GGGGT	2963065	2.3985116	53.549793	5
TCTCT	1518635	2.3680744	63.939625	6
GGGGC	2245085	2.3628871	31.816782	5
TTCTC	1495745	2.3323812	51.848145	5
CCGTC	1186365	2.3280332	5.917948	40-44
GGGCA	2859000	2.3149436	47.2706	5
GCCAG	2084055	2.2668643	117.74386	4
CTTCA	1910095	2.2178512	47.72985	4
ATGCC	1877035	2.10945	108.29947	2
CATCT	1798430	2.0881948	55.353638	4
TGGGC	1891115	2.056405	68.11592	4
TGCTG	1825960	2.051458	34.66686	1
CCCTG	1043145	2.0469892	61.397575	7
GGGAA	4373545	2.0280836	32.48932	6
TTTGC	1746490	2.0273	17.76479	1
TTCCC	999810	2.027071	52.99836	5
TCCCT	964835	1.9561605	63.488518	6
TGCTT	1675670	1.945093	29.56741	2
CACTG	1699465	1.9098933	44.16448	7
CCTCT	934990	1.8956511	5.9570417	85-89
GGCTT	1667435	1.8733557	40.365486	2
GCTGC	1278485	1.8675683	14.638184	1
CATCC	1218130	1.8389952	63.395878	4
CTTGC	1216365	1.8357997	24.07349	1
ACTGG	2193910	1.8353784	59.93136	2
ATGGG	2944010	1.8333949	65.46248	3
TCTCC	894760	1.8140864	6.069509	70-74
TTGCT	1537315	1.7844927	5.865632	1
CATGG	2125940	1.7785162	32.731453	5
TGGCC	1201035	1.7544318	5.241543	90-94
TTCTG	1505730	1.7478292	16.68643	1
TTCAC	1501220	1.743098	37.371777	5
TCTGC	1134850	1.7127731	25.077805	1
CTTGG	1513075	1.6999329	5.812103	6
TTCAA	2507015	1.6670954	5.8812685	5
TCACT	1434455	1.6655757	45.624706	6
TCCTG	1101010	1.6617	34.57007	1
TTCCA	1418620	1.6471894	16.121778	5
GCCTC	838570	1.6455468	5.8558903	85-89
TGCAT	1903545	1.6453207	33.731155	3
TTGCA	1902640	1.6445384	13.215786	2
CTGCT	1078760	1.628119	7.371557	1
CCCAG	1105175	1.6148695	32.01071	7
AGCTT	1862785	1.6100899	32.27371	2
CGTGC	1094605	1.5989625	26.073069	1
TGGCT	1422105	1.5977286	8.711293	1
GGGCT	1445520	1.5718635	15.508519	5
CTGCA	1397740	1.5708085	9.2077055	2
GGCCC	824485	1.5659328	5.7025623	8
CATCA	1807020	1.5623412	37.297512	4
TCCCA	1024715	1.546999	33.14127	6
GCAGG	1889545	1.5299722	39.899563	2
GGCTG	1401930	1.5244637	26.576868	1
GAAAA	5526940	1.5169425	5.3031445	8
GGGAG	2502420	1.50833	16.411911	6
CAGCA	1787835	1.4960973	6.0144963	1
CCTGC	738010	1.4482151	14.905812	1
CAGCT	1279940	1.4384227	7.830158	1
TCTCA	1238655	1.4382281	33.54645	6
CGCTG	982690	1.4354808	46.59602	1
AGCTG	1714215	1.4340758	20.397816	1
ATCTC	1234920	1.4338914	42.804638	5
GGCAT	1703140	1.4248108	31.778793	2
CAAGG	2286870	1.42457	15.511829	5
GGGTG	1753995	1.4198061	12.302844	6
GGAAA	3978115	1.4192067	10.664921	7
CCATG	1252550	1.4076412	23.976202	7
GGAAG	3029495	1.4048258	9.533576	7
TGCAG	1660105	1.3888085	13.906328	1
TCCAT	1195380	1.3879806	24.768614	6
GGGTT	1658040	1.38668	15.150887	6
GGCAG	1686940	1.3659221	9.470813	6
TGCAA	2114540	1.3609394	15.950761	3
GGGCC	962245	1.3604605	11.284195	7
CTCAG	1207565	1.357086	32.491673	7
TGTGC	1205835	1.3547502	22.703894	1
GGGAT	2170635	1.3517723	19.474281	6
ATTGC	1561625	1.3497837	23.73966	1
GCATG	1575690	1.3181888	32.496372	4
CCAAG	1571770	1.3152896	5.3229628	7
GGCAA	2105010	1.3112832	13.762221	6
AGCAG	2095310	1.3052406	8.870098	1
CGCTT	858620	1.2958728	39.79157	2
GGTGC	1189670	1.2936513	20.724205	1
ACTGC	1150815	1.2933093	25.058687	1
GCAAG	2072235	1.2908665	15.426663	4
GTTGC	1127445	1.2666794	13.929344	1
TTCAG	1465285	1.2665126	9.387712	1
CATGC	1123565	1.2626852	26.399986	1
CACAG	1495335	1.2513272	22.816582	7
TCAGG	1477680	1.2361957	33.843964	2
TCCAG	1095205	1.2308135	12.908442	1
GGGAC	1510940	1.2234141	17.952053	6
TCACA	1414275	1.2227757	23.633007	6
TCCAA	1412010	1.2208173	5.5575013	6
CCGCA	829020	1.2113549	7.1857476	1
AATGC	1869450	1.2031971	31.550179	1
ATCTG	1387100	1.1989337	13.625752	1
GATGC	1423950	1.1912463	18.966904	1
CGCAG	1086120	1.1813924	11.407258	1
GTCTG	1046885	1.1761706	17.523468	1
ATCCC	775220	1.1703397	41.304337	5
AACTG	1807245	1.1631613	10.83734	1
ATGCA	1779845	1.1455263	16.349009	2
AAGCT	1772220	1.1406188	9.54062	1
GTGCT	1010835	1.1356686	6.974488	1
AGGGC	1395470	1.1299175	19.605446	4
GGATT	1746870	1.1239783	5.6008925	7
GTGCA	1342230	1.122881	13.380993	2
ACCTG	996790	1.1202129	24.050667	1
TGGGT	1332645	1.1145402	22.189848	4
TCATG	1288610	1.1138043	10.243122	1
ATCAC	1286395	1.1122112	30.000647	5
CAATG	1726315	1.111074	8.541576	7
TGGCA	1318330	1.1028868	7.300335	1
GGGTC	1007665	1.0957385	13.105521	6
TCGCT	723290	1.0916258	9.999181	1
AAGCA	2263270	1.0846628	6.9999394	1
GAGCT	1294390	1.0828592	6.045241	1
GGCAC	987200	1.0737952	11.640705	6
ATGCT	1240685	1.0723805	8.336381	1
GATGG	1719680	1.0709381	18.004057	2
ATCCA	1220040	1.054841	12.540907	5
ACAGG	1693125	1.0547059	24.941622	2
TCAAT	1559725	1.0371737	8.856683	6
AAGGG	2218005	1.0285248	11.515764	6
TGGGA	1636185	1.0189413	19.661232	4
AGGCT	1204110	1.0073328	10.213323	1
GGATG	1610940	1.0032198	6.635088	7
AGCAT	1552435	0.9991629	24.671839	2
AGTGC	1191160	0.9964991	25.30328	1
GGAAC	1571825	0.97914386	5.448817	7
ACCAG	1162850	0.97309685	10.371431	1
GGGCG	899325	0.9465136	10.30581	5
TCTCG	625300	0.9437344	9.532786	5
GACTG	1110770	0.92924654	12.184685	1
AGGGA	2001785	0.9282601	6.275838	4
TTCTA	1037390	0.92642444	9.502947	5
AGGCA	1484695	0.9248676	7.533098	1
AATGG	1927570	0.92351294	7.3555064	2
TACTG	1064090	0.91974145	18.842546	1
ATCAG	1407195	0.90568495	7.42607	1
CGATG	1072420	0.8971638	7.6852694	1
CGGCT	613940	0.8968231	13.411599	1
GGAAT	1848815	0.8857808	5.2788787	7
AACAG	1843225	0.88335806	5.101143	1
GGACA	1407015	0.87647814	5.2204237	7
GGATC	1045990	0.875053	5.5733767	7
CTCGG	596735	0.8716905	17.752691	6
ACATG	1349930	0.8688287	7.234265	1
CGCAT	771210	0.86670154	30.75288	2
TCGCA	750495	0.84342146	8.125254	1
CGGCA	769100	0.8365639	11.4421015	1
TTGGG	994110	0.83141094	6.0536222	7
TATGC	960755	0.8304243	23.383904	1
CACGG	763275	0.83022803	22.71908	6
TATGG	1284750	0.8266391	16.342722	2
GGGTA	1325855	0.8256819	13.060272	6
CCGCT	413110	0.8106559	8.229151	1
TCACG	709035	0.796828	10.36025	5
GCGCT	542535	0.79251707	9.0100765	1
CTATG	904930	0.7821722	14.285869	7
CGGGG	742270	0.78121775	30.430826	8
GTCAG	925585	0.7743247	6.7517643	1
TCTAT	857480	0.7657587	14.757429	6
ACTCG	650635	0.7311968	6.535858	5
CGGGC	517120	0.73112494	11.013332	8
ACGGG	893115	0.7231588	22.992579	7
TAGCA	1072035	0.6899726	6.2677383	1
TACAG	1064825	0.6853322	8.180798	1
AGGGT	1092050	0.68007886	6.2622027	4
GCGCA	624065	0.6788067	6.476801	1
ACACG	782100	0.6544775	9.732263	5
ACGCT	577540	0.64905125	10.783309	1
TAGCT	744980	0.6439201	7.457476	1
TCGGG	579420	0.63006335	14.845294	7
TACAC	716015	0.61906326	5.453765	4
ACGCA	695665	0.5821469	7.89951	1
ATCTA	854225	0.56803584	7.1809063	5
CTAGG	405965	0.3396217	5.7531104	6
TAGGG	545040	0.339426	7.0361714	7
>>END_MODULE
