##FastQC	0.10.1
>>Basic Statistics	pass
#Measure	Value	
Filename	Acer-110_S59_L001_R1_001.fastq.gz	
File type	Conventional base calls	
Encoding	Sanger / Illumina 1.9	
Total Sequences	13224558	
Filtered Sequences	0	
Sequence length	101	
%GC	45	
>>END_MODULE
>>Per base sequence quality	pass
#Base	Mean	Median	Lower Quartile	Upper Quartile	10th Percentile	90th Percentile
1	36.27015625021267	37.0	37.0	37.0	37.0	37.0
2	36.36072729236017	37.0	37.0	37.0	37.0	37.0
3	36.3306718455165	37.0	37.0	37.0	37.0	37.0
4	36.34265213249471	37.0	37.0	37.0	37.0	37.0
5	36.49438748727935	37.0	37.0	37.0	37.0	37.0
6	36.533783889034325	37.0	37.0	37.0	37.0	37.0
7	36.55446087498728	37.0	37.0	37.0	37.0	37.0
8	36.5459801378617	37.0	37.0	37.0	37.0	37.0
9	36.556394096498344	37.0	37.0	37.0	37.0	37.0
10-14	36.43431459864291	37.0	37.0	37.0	37.0	37.0
15-19	36.348953696599914	37.0	37.0	37.0	37.0	37.0
20-24	36.33277314825948	37.0	37.0	37.0	37.0	37.0
25-29	36.25650475426097	37.0	37.0	37.0	37.0	37.0
30-34	36.22765792248028	37.0	37.0	37.0	37.0	37.0
35-39	36.20219158931436	37.0	37.0	37.0	37.0	37.0
40-44	36.17380130209267	37.0	37.0	37.0	37.0	37.0
45-49	36.14822229975475	37.0	37.0	37.0	37.0	37.0
50-54	36.1322521932302	37.0	37.0	37.0	37.0	37.0
55-59	36.08999338957113	37.0	37.0	37.0	37.0	37.0
60-64	36.05176912528948	37.0	37.0	37.0	37.0	37.0
65-69	36.00943000136564	37.0	37.0	37.0	37.0	37.0
70-74	35.95315093328639	37.0	37.0	37.0	37.0	37.0
75-79	35.92223594920904	37.0	37.0	37.0	37.0	37.0
80-84	35.87125661213025	37.0	37.0	37.0	37.0	37.0
85-89	35.8443985046608	37.0	37.0	37.0	37.0	37.0
90-94	35.782502190243335	37.0	37.0	37.0	37.0	37.0
95-99	35.72723198763997	37.0	37.0	37.0	37.0	37.0
100-101	35.62237202937142	37.0	37.0	37.0	37.0	37.0
>>END_MODULE
>>Per sequence quality scores	pass
#Quality	Count
15	11.0
16	47.0
17	103.0
18	220.0
19	305.0
20	570.0
21	1143.0
22	2417.0
23	5187.0
24	10207.0
25	18928.0
26	30746.0
27	47453.0
28	68141.0
29	98335.0
30	131292.0
31	176494.0
32	225041.0
33	308414.0
34	447501.0
35	960176.0
36	8235455.0
37	2456372.0
>>END_MODULE
>>Per base sequence content	fail
#Base	G	A	T	C
1	21.05832733522474	29.44655392113663	25.944152723506924	23.550966020131707
2	29.7683958798936	26.22755509332453	21.359796395773078	22.644252631008793
3	20.134353544087993	12.0510523806409	26.852953308986304	40.9616407662848
4	26.75254989869217	17.036548327371566	35.84840915131674	20.36249262261953
5	47.63989087574798	12.865360036985734	12.56364106838202	26.93110801888426
6	47.64848095490223	6.299242666560198	20.256427473795345	25.795848904742225
7	47.8884174083688	13.28940387776176	18.60864532411572	20.213533389753714
8	60.65598562916053	11.323183731357977	11.580175307182289	16.440655332299198
9	49.52372648785187	23.32190036942503	7.740639339569009	19.413733803154095
10-14	44.14758934111597	24.832817012190702	17.171352605622463	13.84824104107087
15-19	25.844708204607336	34.698350149631686	22.368499853907213	17.08844179185377
20-24	24.709700259564112	33.61049249338091	24.858487114054512	16.821320133000466
25-29	23.014751192626996	32.871912107158415	26.122814923654296	17.990521776560296
30-34	22.914074477881073	32.060776681400775	25.630708237710987	19.394440603007165
35-39	23.20079612942832	31.43896383395568	25.714366819882645	19.64587321673336
40-44	22.979888144008694	31.451897627157514	25.82749905965973	19.74071516917406
45-49	23.14526340394788	31.517166474687585	25.699903940891616	19.63766618047292
50-54	23.54857923656935	31.405809681770503	25.419263337157222	19.62634774450293
55-59	23.178905302776283	31.644506542379645	25.494170272502032	19.682417882342037
60-64	23.05105024501258	31.96779257802973	25.498350993049673	19.482806183908018
65-69	23.299851831453257	31.65099640504339	25.557714649593365	19.491437113909985
70-74	22.966561492418244	31.68566444878525	25.833769448058376	19.51400461073813
75-79	22.836603212252484	32.09878430940885	25.866200077369633	19.19841240096903
80-84	23.135406859147512	32.14198214665527	25.688533214959524	19.03407777923769
85-89	22.98362984096852	31.99536352822169	25.658333365218507	19.362673265591283
90-94	22.863348627606307	32.2399130466213	25.7010767391999	19.195661586572495
95-99	23.376220210913665	32.00410025045828	25.62325485660844	18.99642468201962
100-101	23.028123132735328	32.167714036264954	25.682601263497805	19.121561567501917
>>END_MODULE
>>Per base GC content	fail
#Base	%GC
1	44.60929335535644
2	52.41264851090239
3	61.095994310372795
4	47.11504252131169
5	74.57099889463224
6	73.44432985964447
7	68.10195079812253
8	77.09664096145973
9	68.93746029100596
10-14	57.99583038218684
15-19	42.933149996461104
20-24	41.53102039256458
25-29	41.00527296918729
30-34	42.308515080888235
35-39	42.846669346161676
40-44	42.72060331318276
45-49	42.7829295844208
50-54	43.174926981072275
55-59	42.86132318511832
60-64	42.53385642892059
65-69	42.79128894536324
70-74	42.48056610315638
75-79	42.03501561322152
80-84	42.1694846383852
85-89	42.3463031065598
90-94	42.059010214178805
95-99	42.37264489293328
100-101	42.14968470023724
>>END_MODULE
>>Per sequence GC content	warn
#GC Content	Count
0	188.0
1	207.0
2	240.0
3	370.5
4	1679.5
5	7029.0
6	17854.5
7	30107.0
8	38842.5
9	41650.5
10	38823.0
11	32057.0
12	24482.0
13	18863.5
14	14991.0
15	12764.5
16	11512.0
17	10621.0
18	10223.5
19	10132.5
20	10349.5
21	11100.5
22	12343.0
23	14488.5
24	17987.0
25	22849.0
26	29751.5
27	40337.5
28	54711.0
29	73379.5
30	98090.5
31	129359.5
32	164578.0
33	201718.5
34	241080.0
35	284233.0
36	328502.5
37	371092.0
38	414747.0
39	458844.5
40	501676.5
41	538710.5
42	564250.5
43	580087.0
44	591185.5
45	594546.5
46	586079.5
47	563902.5
48	525298.5
49	478237.0
50	437320.0
51	409301.5
52	384131.5
53	351144.5
54	314880.0
55	286538.0
56	266932.0
57	251307.5
58	240418.0
59	227480.5
60	207461.5
61	182663.5
62	157956.0
63	136480.0
64	117263.0
65	97106.0
66	75861.0
67	56100.0
68	44211.0
69	40309.0
70	35125.5
71	28467.5
72	21334.5
73	13233.0
74	6815.0
75	3690.5
76	2296.5
77	1205.0
78	464.0
79	209.0
80	132.0
81	84.5
82	80.0
83	80.0
84	72.0
85	62.0
86	36.5
87	27.5
88	29.5
89	23.0
90	18.0
91	20.0
92	22.5
93	17.5
94	14.0
95	13.5
96	12.5
97	14.5
98	17.0
99	12.0
100	3.0
>>END_MODULE
>>Per base N content	pass
#Base	N-Count
1	0.03866291788353153
2	0.04218666514223008
3	0.00372791287239997
4	9.830196215253471E-5
5	0.0
6	0.0
7	1.663571667196741E-4
8	0.0
9	0.0016938184247821365
10-14	2.767578319063669E-4
15-19	6.503052880859989E-4
20-24	1.966039243050694E-5
25-29	4.11355903161376E-4
30-34	3.91695510730869E-4
35-39	0.0013278326579988535
40-44	6.790397077921243E-4
45-49	0.0015153625550283043
50-54	0.0023864691734876886
55-59	0.005408120256268679
60-64	4.037942137650271E-4
65-69	0.0052841085501685574
70-74	0.016029269182380235
75-79	0.005789229401844659
80-84	8.166624548056728E-5
85-89	1.4669677428916719E-4
90-94	0.0
95-99	0.0
100-101	0.0
>>END_MODULE
>>Sequence Length Distribution	pass
#Length	Count
101	1.3224558E7
>>END_MODULE
>>Sequence Duplication Levels	fail
#Total Duplicate Percentage	77.98786498149082
#Duplication Level	Relative count
1	100.0
2	53.02710663535406
3	45.59964972336106
4	40.831110934203714
5	34.94606535843649
6	28.131592564582256
7	21.504199339250885
8	16.254030171555943
9	11.933288221948017
10++	45.814592206344784
>>END_MODULE
>>Overrepresented sequences	pass
>>END_MODULE
>>Kmer Content	fail
#Sequence	Count	Obs/Exp Overall	Obs/Exp Max	Max Obs/Exp Position
AAAAA	32632080	9.795689	13.415684	95-97
CTGGG	7047550	6.780422	311.2582	3
CCTGG	3741055	4.821697	217.6512	5
TGGGG	6550130	4.7041507	213.32231	4
GGGGG	6680645	4.5729194	131.72774	5
TTTTT	4343130	3.7797139	4.8028464	20-24
TGCCT	2682020	3.6268034	227.8966	3
GCCTG	2762130	3.5599992	217.1046	4
CAGGG	4503785	3.502217	124.89922	3
GGGGA	5990850	3.4774954	82.76474	5
GCTTC	2468385	3.337912	166.54355	3
CCAGG	2559735	2.6665373	109.860115	5
TGCCA	2437745	2.6643858	114.79903	3
GCATC	2405590	2.6292415	138.44687	3
CTTCT	1679410	2.3827307	61.99115	4
CTTCC	1284880	2.3276188	73.96935	4
GGGCA	2967050	2.3072267	46.168518	5
CTCTG	1704655	2.3051465	56.36807	7
CTGCC	1326790	2.2908425	85.14157	2
GCTGG	2350485	2.261393	109.57969	2
AGGGG	3881760	2.2532368	77.004486	4
GCCAG	2132870	2.2218618	109.43674	4
CTTCA	1929225	2.2123199	44.977573	4
TTGCC	1625155	2.1976411	77.33216	2
TCTGG	2164615	2.18502	62.822647	2
GGGGC	2382610	2.1848185	30.073921	5
TCTCT	1509535	2.1417136	59.3083	6
TTCTC	1487155	2.109961	47.88068	5
GTGCC	1617810	2.085131	96.072685	2
ATGCC	1901420	2.078198	102.51101	2
CCCTG	1170535	2.021052	56.741325	7
GGGGT	2721630	1.9546112	45.904034	5
TGGGC	2009545	1.9333758	62.11323	4
TGCTG	1913300	1.9313359	31.805586	1
CATCT	1664135	1.9083304	52.890095	4
GGGAA	3841120	1.8907715	27.997892	6
CACTG	1724770	1.8851244	42.12214	7
TTCCC	1026890	1.8602581	49.555126	5
GCTGC	1421270	1.8318185	13.688311	1
CATCC	1241075	1.817164	60.41288	4
TTCAA	2500965	1.8154672	5.791799	5
TTTGC	1708650	1.8096061	16.326319	1
TCCCT	996235	1.8047252	59.54941	6
TGCTT	1689705	1.7895418	27.06731	2
ACTGG	2172230	1.7722598	56.229374	2
GGCTT	1739815	1.7562157	36.049366	2
CATGG	2143330	1.7486812	30.313635	5
CATCA	1838105	1.703657	37.009468	4
ATGGG	2786150	1.696832	59.32592	3
CCCAG	1194190	1.6665306	30.613676	7
CTTGC	1225595	1.65733	22.7217	1
AGCTT	1933655	1.655224	30.595697	2
TTCAC	1441955	1.6535478	35.643707	5
TGCAT	1927920	1.6503148	31.809582	3
CAAGG	2493615	1.6443636	14.624268	5
CTGCA	1492735	1.6315168	8.572767	2
TTCCA	1412265	1.619501	15.163535	5
TTGCA	1891275	1.6189462	12.423181	2
TTGCT	1509710	1.5989116	5.606775	1
TCACT	1393025	1.5974377	44.17265	6
TTCTG	1500795	1.5894701	15.474023	1
TCCCA	1078710	1.5794315	32.21061	6
TCCTG	1165900	1.5766065	33.29558	1
CAGCA	1766225	1.560277	6.262732	1
TCTGC	1150205	1.5553827	23.23497	1
GCAGG	1933610	1.5036069	37.367153	2
CAGCT	1370820	1.4982672	7.6816454	1
CTGCT	1104360	1.493388	6.7230453	1
GGGAG	2572655	1.4933434	16.128159	6
GCAAG	2248595	1.48279	14.514304	4
AGCTG	1815875	1.48152	18.526602	1
TGCAG	1808960	1.4758784	13.374604	1
GGAAA	3497480	1.4599547	7.890853	7
GGCTG	1517255	1.4597455	25.349377	1
ATCTC	1267970	1.4540322	41.783978	5
GGCAT	1774360	1.4476492	29.47661	2
GGGCT	1502975	1.4460069	13.362583	5
CCAAG	1634935	1.4442959	5.034435	7
GGCAG	1854315	1.4419458	10.017201	6
TGCAA	2083245	1.441335	15.261077	3
CCTGC	832035	1.4365962	13.548756	1
GGCAA	2169480	1.4306194	13.127779	6
CCATG	1301435	1.4224313	22.225622	7
TCTCA	1232645	1.4135236	32.33629	6
TGGCT	1383105	1.396143	7.888683	1
AGCAG	2099095	1.3842053	8.456255	1
GGAAG	2807045	1.3817534	9.894992	7
GCATG	1686925	1.3763136	30.135818	4
CGCTG	1058310	1.3640136	43.433372	1
TCCAT	1178615	1.3515654	23.30233	6
CTCAG	1230605	1.3450162	30.840769	7
CATGC	1220865	1.3343706	27.228462	1
CACAG	1506295	1.3306557	22.22803	7
GGGAT	2157740	1.3141153	20.005161	6
ATTGC	1523505	1.3041323	22.655945	1
ACTGC	1188365	1.2988491	23.804613	1
TCCAA	1392395	1.2905486	5.3513274	6
GGGAC	1651405	1.2841597	19.743639	6
GGGCC	1039615	1.277092	8.736196	7
TGTGC	1258095	1.2699546	21.675379	1
AAGCA	2266000	1.2671596	6.974511	1
CGTGC	979930	1.2629929	24.771708	1
TCACA	1362105	1.2624741	23.341314	6
AATGC	1823460	1.2615975	28.128288	1
TTCAG	1462865	1.252224	8.863943	1
GAGCT	1517630	1.2381907	6.132898	1
AAGCT	1781635	1.23266	9.064346	1
ATGCA	1770170	1.2247277	15.501677	2
GGAGC	1571995	1.2224091	5.105137	8
TCCAG	1114265	1.21786	12.681612	1
CGCTT	898830	1.215457	36.090878	2
AACTG	1756650	1.2153736	9.496206	1
TCAGG	1486865	1.2130903	31.56868	2
CAATG	1745845	1.2078981	8.181482	7
GATGC	1476890	1.2049519	19.393848	1
GGTGC	1244155	1.1969969	19.362732	1
GGGTG	1664650	1.1955129	10.938662	6
ATCCC	805170	1.1789182	40.520267	5
GTTGC	1157545	1.1684568	13.507426	1
TGGCA	1418665	1.1574479	6.71225	1
ATCAC	1245560	1.1544536	30.307718	5
GTGCA	1402180	1.1439983	12.62288	2
ATCCA	1214840	1.1259807	12.4541855	5
AGGGC	1447285	1.1254326	19.125278	4
ACCTG	1026955	1.1224326	22.6147	1
TCATG	1299670	1.1125278	10.171473	1
GGCAC	1067865	1.1124206	12.443854	6
AGCAT	1603645	1.1095141	24.988184	2
CGCAG	1056970	1.101071	11.301756	1
ACAGG	1668880	1.1005089	24.127203	2
ATGCT	1282525	1.0978515	7.8098593	1
TCAAT	1507950	1.094631	8.625864	6
GTGCT	1080095	1.0902766	6.508984	1
GATGG	1785380	1.087339	15.792504	2
CCGCA	778690	1.0866871	7.022146	1
GGGTT	1442130	1.0866556	12.156493	6
GGATG	1747915	1.064522	7.615317	7
AAGGG	2160925	1.0637041	10.880457	6
ATCTG	1223950	1.0477109	12.254295	1
GTCTG	1024470	1.0341272	16.491713	1
AGGCA	1563255	1.0308567	7.3388906	1
TGGGA	1691345	1.0300695	20.019861	4
ACCAG	1157830	1.022823	10.024831	1
GGAAC	1550845	1.022673	5.6551557	7
AGGCT	1251750	1.0212668	9.412198	1
TCGCT	752025	1.0169375	9.090518	1
GGGTC	1052520	1.0126257	11.788021	6
AGTGC	1236695	1.0089837	24.157368	1
TGGGT	1334510	1.0055631	20.439089	4
ATCAG	1444915	0.9996935	6.968183	1
GGACA	1467635	0.967802	5.9007683	7
ACATG	1388705	0.9608036	7.2035904	1
AGGGA	1938225	0.95408124	6.493159	4
CGCAT	859945	0.9398954	29.463781	2
AATGG	1818625	0.9392484	7.0169997	2
GACTG	1140655	0.9306276	11.796136	1
TTCTA	1036125	0.9305638	8.907638	5
GGATC	1129970	0.9219099	5.966822	7
TACTG	1070350	0.91622806	18.140877	1
CGGCA	869595	0.905878	10.4346075	1
GGACG	1146305	0.89138556	5.0859113	7
TCTCG	659055	0.8912174	7.1509185	5
CGATG	1088825	0.88834095	7.0393496	1
GGGCG	961875	0.8820253	9.547912	5
TCGCA	798600	0.872847	7.867851	1
CGGCT	664545	0.85650575	12.217574	1
TATGC	953785	0.8164475	23.331938	1
CTCGG	629265	0.8110347	12.773229	6
GCGCT	614560	0.7920821	8.320212	1
GTCAG	955940	0.7799239	6.4920726	1
TATGG	1218210	0.77841765	14.921	2
CCGCT	449420	0.77597094	7.3312616	1
GGGTA	1268050	0.77227277	12.441236	6
TAGCA	1115590	0.7718434	6.6656127	1
GCGCA	733175	0.76376605	6.3633056	1
TACAG	1089615	0.7538721	8.183166	1
CTATG	878485	0.7519901	13.013496	7
CACGG	712905	0.7426502	16.733603	6
TCTAT	822165	0.7384022	13.669375	6
ACTCG	646475	0.70657873	5.016992	5
TCACG	624110	0.68213445	7.7844214	5
ACGCA	771125	0.68120915	7.7707443	1
AGGGT	1072735	0.6533213	5.974976	4
CGGGC	515605	0.6333835	8.208341	8
CGGGG	688580	0.6314178	20.091343	8
ACGCT	577585	0.63128394	10.345287	1
TAGCT	730800	0.6255706	7.1504855	1
ATCTA	829340	0.6020235	7.0380287	5
ACACG	659490	0.5825912	7.8902097	5
ACGGG	739230	0.5748374	16.948385	7
TCGGG	567545	0.54603297	10.665397	7
TAGGG	506735	0.30861372	5.554281	7
>>END_MODULE
