##FastQC	0.10.1
>>Basic Statistics	pass
#Measure	Value	
Filename	Acer-038_S31_L001_R1_001.fastq.gz	
File type	Conventional base calls	
Encoding	Sanger / Illumina 1.9	
Total Sequences	11570068	
Filtered Sequences	0	
Sequence length	101	
%GC	40	
>>END_MODULE
>>Per base sequence quality	pass
#Base	Mean	Median	Lower Quartile	Upper Quartile	10th Percentile	90th Percentile
1	36.257595028827836	37.0	37.0	37.0	37.0	37.0
2	36.3336861978685	37.0	37.0	37.0	37.0	37.0
3	36.29789574270436	37.0	37.0	37.0	37.0	37.0
4	36.320629144098376	37.0	37.0	37.0	37.0	37.0
5	36.46695092889687	37.0	37.0	37.0	37.0	37.0
6	36.51036761408835	37.0	37.0	37.0	37.0	37.0
7	36.532928242081205	37.0	37.0	37.0	37.0	37.0
8	36.528627230194324	37.0	37.0	37.0	37.0	37.0
9	36.53604637414404	37.0	37.0	37.0	37.0	37.0
10-14	36.416883876568406	37.0	37.0	37.0	37.0	37.0
15-19	36.34108995729325	37.0	37.0	37.0	37.0	37.0
20-24	36.330342293580294	37.0	37.0	37.0	37.0	37.0
25-29	36.24352849093022	37.0	37.0	37.0	37.0	37.0
30-34	36.20031085383422	37.0	37.0	37.0	37.0	37.0
35-39	36.16166354424192	37.0	37.0	37.0	37.0	37.0
40-44	36.109729847741605	37.0	37.0	37.0	37.0	37.0
45-49	36.05299730304091	37.0	37.0	37.0	37.0	37.0
50-54	36.020233900094624	37.0	37.0	37.0	37.0	37.0
55-59	35.958630787649646	37.0	37.0	37.0	37.0	37.0
60-64	35.883770622609994	37.0	37.0	37.0	37.0	37.0
65-69	35.82322803980063	37.0	37.0	37.0	37.0	37.0
70-74	35.73842298938952	37.0	37.0	37.0	37.0	37.0
75-79	35.68471936379285	37.0	37.0	37.0	37.0	37.0
80-84	35.583368619786846	37.0	37.0	37.0	37.0	37.0
85-89	35.53751744587845	37.0	37.0	37.0	37.0	37.0
90-94	35.46048769981301	37.0	37.0	37.0	37.0	37.0
95-99	35.363591121504214	37.0	37.0	37.0	37.0	37.0
100-101	35.25114709783901	37.0	37.0	37.0	37.0	37.0
>>END_MODULE
>>Per sequence quality scores	pass
#Quality	Count
14	1.0
15	9.0
16	36.0
17	93.0
18	197.0
19	369.0
20	700.0
21	1671.0
22	3617.0
23	7949.0
24	14711.0
25	24917.0
26	37116.0
27	53825.0
28	73479.0
29	102151.0
30	134506.0
31	181270.0
32	234067.0
33	322755.0
34	464631.0
35	931102.0
36	6952896.0
37	2028000.0
>>END_MODULE
>>Per base sequence content	fail
#Base	G	A	T	C
1	22.391238897697736	29.139733587978068	25.318220892431338	23.150806621892865
2	29.569770954822687	26.754189442723657	21.356650873806824	22.319388728646825
3	20.0589474848785	13.05913245205979	26.640831764569622	40.24108829849208
4	26.57093569844866	17.63554787903921	35.50442205889458	20.289094363617554
5	47.29491650351579	13.251858156754134	12.736822290067785	26.716403049662286
6	47.285901863325265	6.959526944871889	20.206977175933623	25.547594015869223
7	47.53424659902193	13.967125823267548	18.35350984533002	20.145117732380506
8	58.0045042090076	12.917928651579977	12.178598447182717	16.898968692229698
9	46.68439263772078	24.540259455596665	9.114317128472207	19.661030778210346
10-14	41.69084060804521	26.486394889197562	18.630649879485233	13.192114623271994
15-19	22.61333016006684	37.65941887114248	24.02129833871271	15.705952630077968
20-24	21.45446879905439	37.59779589848494	25.89646938919795	15.051265913262723
25-29	20.173863382926648	36.89047807564283	26.975479434498805	15.960179106931715
30-34	20.125697537217672	36.22884985635039	26.561403767759312	17.08404883867263
35-39	20.281344397265205	35.88409267570179	26.734269211935914	17.1002937150971
40-44	20.12613419016571	35.9818310731567	26.687884422149384	17.204150314528217
45-49	20.29486256049221	35.97574994300738	26.488819386050682	17.240568110449725
50-54	20.556114404122834	36.03608795738651	26.24431659304524	17.163481045445405
55-59	20.27799566462085	36.23479952955457	26.347301745517793	17.139903060306786
60-64	20.112474786353516	36.583620974621645	26.370729630798873	16.933174608225972
65-69	20.23943427113819	36.417689119008685	26.26095041367317	17.081926196179953
70-74	20.03004749685652	36.54159981180161	26.414181917834156	17.01417077350771
75-79	19.911857001874733	36.85256777448757	26.40021452401723	16.83536069962046
80-84	20.028075920455706	37.0082723015107	26.355398249118394	16.6082535289152
85-89	20.06034337511459	36.944121997997556	26.198744375587175	16.79679025130068
90-94	20.009768309054017	37.05086607961163	26.24627443849077	16.693091172843584
95-99	20.2208733777537	36.88535279135784	26.248775720246414	16.644998110642046
100-101	20.01101894993184	36.88841759616279	26.321033722533006	16.779529731372364
>>END_MODULE
>>Per base GC content	fail
#Base	%GC
1	45.5420455195906
2	51.88915968346951
3	60.30003578337059
4	46.860030062066215
5	74.01131955317808
6	72.83349587919449
7	67.67936433140243
8	74.9034729012373
9	66.34542341593112
10-14	54.8829552313172
15-19	38.31928279014481
20-24	36.505734712317114
25-29	36.134042489858366
30-34	37.2097463758903
35-39	37.3816381123623
40-44	37.33028450469393
45-49	37.535430670941935
50-54	37.719595449568246
55-59	37.41789872492763
60-64	37.04564939457949
65-69	37.321360467318144
70-74	37.04421827036423
75-79	36.747217701495195
80-84	36.636329449370905
85-89	36.857133626415276
90-94	36.7028594818976
95-99	36.86587148839575
100-101	36.79054868130421
>>END_MODULE
>>Per sequence GC content	fail
#GC Content	Count
0	894.0
1	788.0
2	575.5
3	881.5
4	5176.0
5	22440.5
6	56809.5
7	95700.0
8	120173.0
9	123887.5
10	109933.5
11	85039.5
12	60107.0
13	41915.0
14	30921.5
15	24953.0
16	21777.5
17	19957.0
18	18926.5
19	18154.0
20	17827.5
21	18668.0
22	20187.0
23	22695.5
24	27278.5
25	34045.0
26	43747.5
27	57926.5
28	77280.0
29	102536.5
30	136001.0
31	177579.0
32	224008.0
33	269159.0
34	310483.0
35	351091.0
36	390369.0
37	429535.0
38	467535.0
39	497645.0
40	522289.5
41	539964.5
42	541203.5
43	530300.0
44	518383.5
45	505904.0
46	486859.0
47	456038.0
48	412141.5
49	359078.5
50	308091.5
51	269360.5
52	239966.5
53	206270.0
54	165083.0
55	131345.0
56	109895.5
57	94684.5
58	83721.5
59	74322.0
60	64414.0
61	56270.0
62	49899.5
63	44437.5
64	40091.0
65	34930.0
66	30775.5
67	25753.5
68	21659.0
69	22216.5
70	23808.0
71	24358.0
72	20520.5
73	12534.5
74	5503.0
75	2052.0
76	785.0
77	322.0
78	132.0
79	79.5
80	55.5
81	49.0
82	49.5
83	46.5
84	42.0
85	32.5
86	22.5
87	22.0
88	17.0
89	13.0
90	14.5
91	11.5
92	7.5
93	7.5
94	11.0
95	15.5
96	15.5
97	14.0
98	12.0
99	5.5
100	1.0
>>END_MODULE
>>Per base N content	pass
#Base	N-Count
1	0.040397342522101
2	0.042575376393639175
3	0.003872060216067874
4	4.3214957768614665E-5
5	0.0
6	0.0
7	1.2100188175212107E-4
8	8.642991553722934E-6
9	0.001961959082695106
10-14	2.9040451620509063E-4
15-19	6.603245547044321E-4
20-24	1.728598310744587E-5
25-29	3.560912520133849E-4
30-34	3.4744826045966196E-4
35-39	0.001284348544883228
40-44	6.27481186800285E-4
45-49	0.0012860771431939726
50-54	0.002136547512080309
55-59	0.00524629587310982
60-64	3.785630300530645E-4
65-69	0.005154680162640358
70-74	0.015987805776076683
75-79	0.005538428987625656
80-84	9.507290709095228E-5
85-89	1.3655926654882234E-4
90-94	0.0
95-99	0.0
100-101	0.0
>>END_MODULE
>>Sequence Length Distribution	pass
#Length	Count
101	1.1570068E7
>>END_MODULE
>>Sequence Duplication Levels	fail
#Total Duplicate Percentage	79.44926953089886
#Duplication Level	Relative count
1	100.0
2	38.87940012497396
3	29.54801083107686
4	28.56071651739221
5	28.731514267860863
6	27.75255155176005
7	25.70506144553218
8	22.770256196625702
9	19.693813788794003
10++	94.9385544678192
>>END_MODULE
>>Overrepresented sequences	pass
>>END_MODULE
>>Kmer Content	fail
#Sequence	Count	Obs/Exp Overall	Obs/Exp Max	Max Obs/Exp Position
AAAAA	76415060	14.068132	18.120623	95-97
CTGGG	5790205	9.688866	456.25522	3
CCTGG	2947310	6.609037	317.68527	5
TGGGG	5230325	6.5309196	297.81458	4
GGGGG	4568500	6.274919	182.82384	5
GCCTG	2136920	4.7918215	316.879	4
CAGGG	3767115	4.6389675	171.73477	3
GGGGA	4847785	4.454741	114.86487	5
TGCCT	2134760	4.351836	287.9926	3
TTTTT	5084780	4.3367295	5.329151	95-97
GCTTC	1925370	3.924982	219.25209	3
CCAGG	2027040	3.3450923	153.04002	5
TTTTC	2442130	3.0703027	3.8239505	50-54
GGGGC	1614235	2.9712183	52.940533	5
GGGGT	2376330	2.9672377	78.23101	5
GGGCA	2389330	2.9423113	66.53038	5
TGCCA	1946640	2.9204016	138.56964	3
AGGGG	3149225	2.8938951	100.344635	4
GCTGG	1697700	2.8407953	159.89365	2
GCATC	1872105	2.8085818	165.90697	3
CTGCC	929875	2.7942822	126.57542	2
TGGGC	1612560	2.6983287	97.68849	4
CTTCC	987260	2.697046	96.73051	4
TTGCC	1322015	2.6950068	99.33269	2
GCCAG	1626675	2.684396	152.53537	4
CTCTG	1282805	2.6150746	70.08677	7
GTGCC	1139725	2.555715	141.39127	2
CTTCT	1364035	2.5279014	68.39341	4
CCCTG	833675	2.5052004	82.670265	7
TCTCT	1350025	2.5019372	63.824562	6
TCTGG	1641515	2.4970944	79.67953	2
TTCTC	1315325	2.4376292	51.40611	5
TTCCC	821585	2.2444468	63.447742	5
ATGCC	1492905	2.2396963	121.23514	2
CTTCA	1636135	2.2314503	48.77346	4
TCCCT	795065	2.171998	75.238914	6
TTTGC	1562200	2.1604187	18.136925	1
TGCTG	1404800	2.1370006	39.467445	1
CACTG	1414770	2.1224759	50.663303	7
GGGAA	3340705	2.0538173	32.91714	6
ATGGG	2436275	2.0352442	73.94071	3
TGCTT	1457330	2.0153906	30.750069	2
GGCTT	1310595	1.9936945	47.53094	2
ACTGG	1776570	1.9888676	66.73141	2
GCTGC	871570	1.9544053	21.673063	1
CATGG	1717575	1.9228228	36.557163	5
CCCAG	867115	1.9175905	41.69054	7
TTGCT	1359780	1.8804854	6.060857	1
GGGCT	1111950	1.8606482	24.372871	5
CATCC	924455	1.8585578	71.478874	4
GGCTG	1107550	1.8532856	38.756557	1
CTTGC	906845	1.8486578	29.078485	1
CATCT	1329335	1.8130198	54.02775	4
TTCAC	1305680	1.7807577	37.66634	5
TCACT	1274255	1.7378987	46.024223	6
TCCTG	851535	1.735905	40.620033	1
GGGAG	1880150	1.7277131	19.898132	6
TTCTG	1248295	1.7263088	16.430565	1
GGGAC	1377175	1.6959051	25.561588	6
TCTGC	828710	1.6893749	29.454494	1
TGCAT	1659050	1.6884733	33.102478	3
TTGCA	1639070	1.668139	13.499428	2
CTTGG	1095820	1.666976	6.143277	6
GGGCC	672810	1.6595627	15.537869	5
TTCCA	1215670	1.6579973	16.417305	5
TCCCA	817060	1.642647	37.972977	6
GGGTG	1305210	1.6297687	17.163778	6
CTGCA	1077220	1.6160743	10.402398	2
GCAGG	1312315	1.6160343	51.76184	2
CGCTG	713110	1.5990752	63.17537	1
GGCAT	1412060	1.5807993	35.1302	2
TTCAA	2315280	1.5764594	5.524129	5
AGCTT	1534440	1.5616533	31.991142	2
TGGCT	1021680	1.5541933	10.191936	1
CTGCT	762095	1.5535762	8.960927	1
GGGAT	1853590	1.548474	24.499187	6
CATCA	1534215	1.5398831	36.20853	4
CCTGC	509325	1.5305259	20.111296	1
TGTGC	994805	1.5133107	27.54178	1
GGCAG	1221165	1.5037887	13.156147	6
GGGTT	1324675	1.503717	19.07244	6
CGTGC	666455	1.4944562	37.52296	1
TCTCA	1088370	1.4843786	32.468037	6
CTCAG	976615	1.465144	35.7138	7
GGGTC	875495	1.4649832	19.009098	6
CCATG	976175	1.464484	27.155321	7
GGCTC	650900	1.4595757	9.21666	6
CAGCT	965680	1.4487389	9.072629	1
GCATG	1290260	1.4444443	36.353977	4
CAAGG	1752225	1.4436002	18.28063	5
AGCTG	1287460	1.4413097	20.84794	1
GTTGC	946825	1.4403228	19.059208	1
ATCTC	1041500	1.4204545	41.71957	5
CATGC	944980	1.4176842	31.919867	1
GGTGC	834155	1.3958081	30.624638	1
CGCTT	680110	1.3864449	47.091732	2
GGTTT	1339620	1.3824502	5.205524	7
GGCAA	1676700	1.3813777	15.1991415	6
TGCAA	1842955	1.3803301	16.560032	3
TGCAG	1228695	1.3755226	15.869889	1
ATTGC	1341420	1.36521	22.776901	1
AGGGC	1106680	1.3628074	29.079996	4
TCCAT	998675	1.3620476	24.69878	6
TCAGG	1209475	1.3540056	37.23173	2
ACTGC	898825	1.3484412	27.752384	1
CAGCA	1218025	1.3447655	6.8793435	1
GCAAG	1626705	1.3401884	18.180405	4
CACAG	1207505	1.333151	24.919437	7
TGGGT	1167660	1.32548	32.288918	4
CCAAG	1192605	1.3167006	6.0992117	7
GGAAG	2125330	1.3066224	9.490342	7
TTCAG	1280555	1.3032657	8.878185	1
GTCTG	840495	1.2785722	21.758745	1
GGAAA	3093530	1.2723972	8.804654	7
GTGCT	830885	1.2639533	8.826661	1
TCACA	1241880	1.2464681	22.70145	6
TGGGA	1489595	1.2443955	30.470394	4
TCCAG	826550	1.2400125	14.310564	1
GGCCA	747990	1.2343593	5.0700693	6
GGCAC	744070	1.2278904	17.704025	6
GGAGG	1331670	1.2237023	5.4116116	7
ATCCC	607820	1.2219833	46.9492	5
ACCTG	812700	1.2192343	25.533566	1
GTGCA	1088650	1.2187423	16.17784	2
AGCAG	1444675	1.1902199	9.270854	1
TCATG	1139885	1.1601009	9.932878	1
CAATG	1543920	1.1563597	8.558581	7
GATGC	1031095	1.1543094	24.752787	1
GGTTG	1014785	1.1519425	6.5127287	7
AATGC	1536570	1.1508548	26.225595	1
AAGGG	1860720	1.1439439	13.58195	6
TGGCA	1018865	1.1406181	7.9759707	1
TCGCT	555200	1.1318084	11.949222	1
TCCAA	1125620	1.1297785	5.6202364	6
ATCAC	1125150	1.1293068	28.945747	5
ATGCA	1506690	1.1284754	15.617013	2
AACTG	1500485	1.1238279	8.900735	1
GATGG	1341295	1.1205069	19.938375	2
GCACC	501580	1.1092243	5.1169367	7
GAGCT	985325	1.10307	7.827623	1
AGTGC	968085	1.0837698	27.679518	1
AAGCT	1436880	1.0761894	8.357232	1
ACAGG	1304790	1.0749733	26.679838	2
GGGCG	576865	1.0617985	13.758452	5
ATGCT	1031405	1.049697	8.036901	1
GGATT	1379890	1.0479628	6.166011	7
AGGGA	1695905	1.042618	9.857925	4
GGATG	1242125	1.0376612	8.2585	7
GGGTA	1229450	1.0270724	17.454504	6
GGACC	620345	1.0237151	5.139698	7
CGCAG	619865	1.0229229	15.135117	1
AAGCA	1853955	1.0218823	5.925825	1
TCAAT	1497590	1.0196996	7.811638	6
GGTTC	666515	1.0139115	5.42987	7
GGAAC	1216745	1.0024359	6.0624757	7
AGGCT	890550	0.99696946	11.122234	1
GACTG	885895	0.9917582	14.901011	1
ATCTG	970800	0.9880172	12.491308	1
TACTG	969975	0.98717755	18.305698	1
ACCAG	887875	0.9802621	10.803737	1
CCGCA	441735	0.9768794	9.509483	1
AGCAT	1297075	0.97147876	23.63211	2
ATCCA	961810	0.9653634	12.157351	5
GGACA	1166960	0.9614197	6.601877	7
TTCTA	1036740	0.9592143	8.486346	5
TCTCG	461900	0.9416108	9.450406	5
GGACG	754510	0.92913216	5.460975	7
AGGCA	1119755	0.922529	7.794427	1
GGATC	819070	0.9169479	6.7160635	7
CGGCT	407630	0.914068	18.310865	1
CGCAT	606625	0.910075	34.94568	2
GGTCC	398820	0.89431244	5.762723	6
AATGG	1599110	0.8937441	7.535666	2
CTCGG	395215	0.8862286	20.073286	6
ACATG	1176615	0.88125694	6.8005204	1
CGGGG	478210	0.88021046	35.33886	8
GGAAT	1574625	0.8800594	5.300196	7
GCGCT	381960	0.85650563	13.111376	1
GAGCA	1038435	0.8555321	5.3426476	1
TATGC	840070	0.8549686	24.011904	1
ATCAG	1140325	0.85407656	6.5489454	1
TTGGG	746460	0.8473509	6.9217696	7
TCGCA	564785	0.8473056	9.251767	1
GTCAG	752760	0.8427139	8.129752	1
CCGCT	279560	0.84008014	11.199197	1
CACGG	507560	0.83759326	24.364344	6
TATGG	1101680	0.836675	16.147947	2
GGACT	744230	0.8331646	5.8745193	7
AGGGT	981590	0.8200123	9.279147	4
CGATG	702380	0.7863134	8.602506	1
CTATG	753330	0.7666904	13.904105	7
CGGCA	462980	0.7640258	14.35333	1
TCTAT	806180	0.74589527	12.655911	6
TCACG	494585	0.7419897	9.844674	5
CGGGC	300230	0.7405516	15.568011	8
GCGCA	445290	0.7348331	9.016189	1
ACTCG	486830	0.73035544	6.428759	5
TAGCA	950825	0.7121456	6.2072115	1
TAGCT	685360	0.6975149	7.6066265	1
TCGGG	414790	0.69407636	16.998148	7
TACAG	920475	0.6894141	7.5821476	1
ACGCT	456790	0.68528855	11.758954	1
ACGGG	551725	0.679415	25.483355	7
ACACG	557290	0.61527836	9.053097	5
ACGCA	544110	0.6007269	8.315019	1
GGTAC	524200	0.58684117	5.3055263	6
ATCTA	774375	0.52726704	6.1706853	5
CTAGG	351775	0.3938116	6.21005	6
TAGGG	467150	0.3902533	7.6718473	7
>>END_MODULE
