##FastQC	0.10.1
>>Basic Statistics	pass
#Measure	Value	
Filename	Acer-057_S38_L001_R1_001.fastq.gz	
File type	Conventional base calls	
Encoding	Sanger / Illumina 1.9	
Total Sequences	13126670	
Filtered Sequences	0	
Sequence length	101	
%GC	38	
>>END_MODULE
>>Per base sequence quality	pass
#Base	Mean	Median	Lower Quartile	Upper Quartile	10th Percentile	90th Percentile
1	36.23970565269028	37.0	37.0	37.0	37.0	37.0
2	36.3198066227002	37.0	37.0	37.0	37.0	37.0
3	36.282655311667014	37.0	37.0	37.0	37.0	37.0
4	36.30328392501678	37.0	37.0	37.0	37.0	37.0
5	36.45473528320587	37.0	37.0	37.0	37.0	37.0
6	36.49806630318276	37.0	37.0	37.0	37.0	37.0
7	36.522114824247126	37.0	37.0	37.0	37.0	37.0
8	36.50891261835637	37.0	37.0	37.0	37.0	37.0
9	36.53150974314126	37.0	37.0	37.0	37.0	37.0
10-14	36.41507151471013	37.0	37.0	37.0	37.0	37.0
15-19	36.35270480632179	37.0	37.0	37.0	37.0	37.0
20-24	36.34654552906411	37.0	37.0	37.0	37.0	37.0
25-29	36.234063962909104	37.0	37.0	37.0	37.0	37.0
30-34	36.122937668121466	37.0	37.0	37.0	37.0	37.0
35-39	36.07655444983381	37.0	37.0	37.0	37.0	37.0
40-44	36.01534952885995	37.0	37.0	37.0	37.0	37.0
45-49	35.8957688583624	37.0	37.0	37.0	37.0	37.0
50-54	35.84353250291201	37.0	37.0	37.0	37.0	37.0
55-59	35.75890685147109	37.0	37.0	37.0	37.0	37.0
60-64	35.65965346885387	37.0	37.0	37.0	37.0	37.0
65-69	35.58134446893233	37.0	37.0	37.0	37.0	37.0
70-74	35.463012660484345	37.0	37.0	37.0	37.0	37.0
75-79	35.355325623330216	37.0	37.0	37.0	37.0	37.0
80-84	35.232786990150586	37.0	37.0	37.0	34.6	37.0
85-89	35.189719921350964	37.0	37.0	37.0	29.8	37.0
90-94	35.08176742464006	37.0	37.0	37.0	25.0	37.0
95-99	34.933903602360694	37.0	37.0	37.0	25.0	37.0
100-101	34.80784105946138	37.0	37.0	37.0	25.0	37.0
>>END_MODULE
>>Per sequence quality scores	pass
#Quality	Count
15	9.0
16	31.0
17	74.0
18	133.0
19	315.0
20	1095.0
21	3622.0
22	8197.0
23	17683.0
24	30785.0
25	46752.0
26	62904.0
27	82744.0
28	104626.0
29	138513.0
30	177355.0
31	235549.0
32	301402.0
33	416586.0
34	597791.0
35	1166321.0
36	7551900.0
37	2182283.0
>>END_MODULE
>>Per base sequence content	fail
#Base	G	A	T	C
1	20.800615961608944	30.12445817380308	25.77292992613628	23.3019959384517
2	29.665513661457897	26.802805928843938	21.242079726095593	22.28960068360258
3	19.836596574337833	12.818620338632089	27.003001562604396	40.341781524425684
4	26.897767885778695	17.473091780101228	35.573921404823686	20.055218929296398
5	47.14056192469225	13.298940249126398	12.494227401161147	27.066270425020207
6	47.13361423727419	6.931415202789435	19.979172173902445	25.95579838603393
7	47.39270551297425	14.027239083717685	18.678493291473465	19.9015621118346
8	58.83669031623258	12.372690464937484	11.866095798263505	16.924523420566437
9	46.87603298481694	25.72896779110012	8.046576049813496	19.348423174269445
10-14	40.96327940177828	27.760733555690347	18.79424723984923	12.48173980268215
15-19	21.293288095886	39.244112788487	24.860269858397324	14.602329257229677
20-24	19.86659613746259	38.566739229390336	27.398081816111365	14.16858281703571
25-29	18.68731513892874	38.05598342250383	28.30562311634598	14.951078322221456
30-34	18.975867859831016	38.39939556101676	26.360404803716932	16.2643317754353
35-39	19.02578601239468	38.13701594671336	26.462960336385677	16.374237704506275
40-44	18.796157179435685	37.92142350722473	26.956229309073887	16.326190004265694
45-49	19.60047088318999	37.44399889731313	26.30045614809256	16.65507407140432
50-54	20.077047598929642	37.62575440453526	25.731005851179432	16.566192145355664
55-59	19.71749219254522	38.369736734183505	25.400497696911117	16.512273376360163
60-64	19.99476605562184	38.587925321401464	25.74566452375913	15.671644099217557
65-69	20.0381569503073	38.95213107094664	25.063384520456143	15.946327458289911
70-74	19.802134831751747	38.20901736084179	25.366217042599565	16.622630764806896
75-79	18.582082423831338	38.500404260072116	26.27057829127908	16.64693502481747
80-84	18.88992457579388	38.14544097473926	26.209124678254053	16.755509771212804
85-89	19.72097410849474	38.221789487720734	24.962637847784013	17.094598556000506
90-94	19.796793855562758	39.02920847404559	24.446664691045026	16.727332979346627
95-99	20.050655649909686	38.62763975936014	25.309230749306565	16.012473841423606
100-101	19.650257833860376	38.42565174564456	25.8937148568525	16.03037556364257
>>END_MODULE
>>Per base GC content	fail
#Base	%GC
1	44.10261190006064
2	51.95511434506047
3	60.17837809876352
4	46.95298681507509
5	74.20683234971246
6	73.08941262330812
7	67.29426762480885
8	75.76121373679902
9	66.22445615908639
10-14	53.44501920446043
15-19	35.895617353115675
20-24	34.0351789544983
25-29	33.638393461150194
30-34	35.240199635266315
35-39	35.40002371690096
40-44	35.12234718370138
45-49	36.25554495459431
50-54	36.64323974428531
55-59	36.22976556890538
60-64	35.6664101548394
65-69	35.98448440859721
70-74	36.42476559655864
75-79	35.22901744864881
80-84	35.645434347006685
85-89	36.81557266449525
90-94	36.52412683490939
95-99	36.06312949133329
100-101	35.680633397502945
>>END_MODULE
>>Per sequence GC content	fail
#GC Content	Count
0	2196.0
1	1841.5
2	1232.0
3	1783.0
4	10635.5
5	44649.0
6	105811.5
7	166375.5
8	199618.0
9	198875.0
10	170258.0
11	126472.0
12	85535.5
13	58353.0
14	43097.5
15	35421.5
16	31123.0
17	28664.0
18	27055.0
19	25632.0
20	25255.0
21	25741.0
22	27275.0
23	30274.5
24	35248.5
25	43384.5
26	55976.0
27	74277.5
28	98911.0
29	131560.5
30	175441.0
31	229740.5
32	287991.5
33	342505.5
34	406206.5
35	488179.5
36	547504.0
37	553832.0
38	531498.0
39	513381.0
40	510568.5
41	510447.5
42	498958.0
43	480603.0
44	462935.0
45	445851.0
46	433403.5
47	424498.0
48	416195.5
49	407745.0
50	370446.0
51	304967.5
52	250504.5
53	206743.5
54	167881.0
55	144255.0
56	131833.0
57	124583.5
58	121267.5
59	113156.5
60	96276.0
61	81365.5
62	71300.0
63	61675.5
64	53463.0
65	45035.0
66	36137.0
67	28573.5
68	24877.5
69	24693.0
70	24565.0
71	23077.0
72	18792.5
73	12148.0
74	5776.0
75	2211.5
76	912.5
77	418.0
78	210.5
79	151.5
80	103.5
81	54.5
82	37.5
83	36.0
84	32.0
85	21.5
86	19.0
87	19.0
88	15.5
89	17.5
90	16.0
91	9.5
92	7.5
93	10.0
94	12.5
95	9.0
96	5.0
97	10.5
98	12.5
99	5.5
100	1.0
>>END_MODULE
>>Per base N content	pass
#Base	N-Count
1	0.03864651126294788
2	0.04263076621869827
3	0.003862365702802006
4	9.141693971129007E-5
5	0.0
6	0.0
7	1.2950733125766093E-4
8	1.5236156618548345E-5
9	0.002034026908576204
10-14	2.4377850589677352E-4
15-19	6.246824213604821E-4
20-24	2.742508191338702E-5
25-29	4.2356515399564397E-4
30-34	3.9156922509669246E-4
35-39	0.0012630773836776578
40-44	6.292532683460466E-4
45-49	0.0014276278751579798
50-54	0.0022153371723369294
55-59	0.005251903186413614
60-64	3.7938029980185377E-4
65-69	0.005130013933465228
70-74	0.015815130570053182
75-79	0.0054377842971599045
80-84	6.703908912161272E-5
85-89	1.3103094691951575E-4
90-94	0.0
95-99	0.0
100-101	0.0
>>END_MODULE
>>Sequence Length Distribution	pass
#Length	Count
101	1.312667E7
>>END_MODULE
>>Sequence Duplication Levels	fail
#Total Duplicate Percentage	76.4628640072905
#Duplication Level	Relative count
1	100.0
2	43.32201122824308
3	32.977244328681294
4	29.540134809313457
5	25.953432709737598
6	21.851076186621142
7	17.715281322046426
8	14.130339135178895
9	10.957216522060506
10++	55.53580542405097
>>END_MODULE
>>Overrepresented sequences	pass
>>END_MODULE
>>Kmer Content	fail
#Sequence	Count	Obs/Exp Overall	Obs/Exp Max	Max Obs/Exp Position
AAAAA	122706335	15.949476	19.63829	95-97
CTGGG	6586190	11.172307	529.60657	3
GGGGG	5456675	7.7453623	216.85388	5
TGGGG	6018165	7.604697	348.5781	4
CCTGG	3335900	7.596481	373.97412	5
TTTTT	9145155	7.2581453	27.012632	20-24
TGCCT	2866435	5.810931	332.0098	3
GGGGA	6536745	5.7521253	135.16724	5
GCCTG	2415210	5.499894	373.029	4
CAGGG	4164280	4.9192343	186.34094	3
GCTTC	2116795	4.2912364	241.9318	3
AGGGG	4310495	3.7930963	109.946976	4
CTGCA	2621800	3.7012818	11.276463	2
CTCCC	887550	3.6422846	13.775077	85-89
CCCTC	877060	3.5992365	16.38144	80-84
CCAGG	2259655	3.5833607	170.27437	5
TTTTC	2965395	3.548982	7.5529556	25-29
CCTCC	840270	3.4482594	13.668405	85-89
TCTGC	1685445	3.4167895	34.309322	1
GGGGC	1788695	3.408323	59.42345	5
CACCC	1178965	3.3692322	12.92057	90-94
CACTG	2318235	3.272729	53.916832	7
CTGCC	1063515	3.2511263	148.34584	2
ACCCC	1130090	3.2295578	12.886477	90-94
GGGCA	2724055	3.217907	79.9964	5
GGGGT	2534330	3.20244	82.2546	5
GCTGG	1869985	3.1720994	186.73007	2
TGCAT	3329265	3.116839	35.85578	3
TGCCA	2136700	3.01645	150.89346	3
TCCCT	1105050	3.0072975	85.11802	6
ATGCC	2113415	2.9835777	132.53389	2
TGGGC	1757495	2.9812799	113.384254	4
CTGTC	1435295	2.909677	9.701388	45-49
CCCCT	706635	2.8998547	16.32651	80-84
GCATC	2042100	2.8829	176.94121	3
GTGCC	1262790	2.8756142	167.33351	2
GCCAG	1775030	2.8148427	169.68877	4
TTGCC	1384520	2.8067443	113.55077	2
CCCTG	907210	2.7733083	95.555275	7
CTTCC	1004475	2.733591	107.006325	4
CTCTG	1346255	2.7291722	79.12385	7
CATCT	2122085	2.6669786	56.535877	4
CTTCT	1461040	2.636756	74.915726	4
TCTGG	1743860	2.6334462	89.52526	2
TTGTG	2612730	2.6165001	6.0104103	60-64
TTCCC	944680	2.5708644	71.04776	5
TCTGT	1870500	2.5146337	5.601299	80-84
TCTCT	1385855	2.5010686	70.49738	6
GGGAA	4516300	2.4637847	36.685326	6
TTCTC	1348625	2.4338794	56.784184	5
ACTGC	1695330	2.3933535	30.809834	1
TTTCA	2812930	2.344386	5.584564	25-29
TCCCA	1229695	2.3304553	40.477333	6
ATCTG	2485370	2.326789	13.544585	1
CCCAC	803955	2.2975333	11.831	85-89
TGCTG	1493990	2.2561111	45.59525	1
CCACC	766815	2.1913948	11.400257	85-89
TCATC	1743350	2.1909947	5.2970295	50-54
TTTGC	1605945	2.1589756	20.35232	1
CTTCA	1683455	2.1157203	49.09162	4
GGCTT	1387715	2.095623	52.085934	2
GCTGC	918535	2.0916798	23.446772	1
TGCTT	1537120	2.0664494	33.072117	2
ATGGG	2618530	2.051297	77.33479	3
ACTGG	1886775	1.9841837	71.6589	2
CCGTC	644230	1.9693877	5.617006	50-54
GGCTG	1155565	1.960212	42.94567	1
GCATT	2089885	1.9565384	5.110528	70-74
GGGAC	1645800	1.9441719	35.63553	6
CCCCA	678655	1.9394524	7.221725	85-89
GGGCT	1139665	1.9332404	22.878368	5
CATGG	1829520	1.9239727	40.4513	5
TTCTG	1423660	1.913918	18.037806	1
CCCAG	896925	1.9093931	45.415543	7
TCACC	999770	1.8947132	6.6660547	80-84
CTTGC	923540	1.8722306	32.783176	1
CATCC	987600	1.8716493	76.542244	4
TTGCT	1367415	1.838304	6.8319573	1
CTCAC	958665	1.8168131	7.879094	75-79
CTTGG	1200310	1.8126178	6.8162217	6
TCCTG	890980	1.8062238	46.52245	1
GGGCC	696755	1.7822777	14.297221	5
CGCTG	776910	1.7691723	73.80433	1
GACTG	1666920	1.7529781	15.01199	1
GGGTG	1377950	1.7412106	17.504837	6
ACTGT	1850985	1.7328815	9.447495	9
TCACT	1374110	1.726944	47.945568	6
TTGTC	1269930	1.7072488	6.0167413	95-97
GGCAG	1432810	1.6925683	25.129114	6
TGTGC	1119215	1.6901543	32.488037	1
CCTGC	551975	1.6873674	23.632286	1
GGCCC	489755	1.6817634	5.1809144	8
GGGAG	1886135	1.6597383	18.756289	6
TTCAC	1308975	1.6450843	38.595844	5
GGAAG	2984995	1.6284093	9.173448	7
CGTGC	714495	1.6270417	43.935757	1
GATGC	1541985	1.6215932	24.9344	1
GGGAT	2041250	1.5990691	27.606133	6
GCAGG	1350285	1.5950822	55.653522	2
CTGCT	785980	1.5933644	9.457006	1
CAGTT	1690055	1.5822198	11.405281	8
TTGCA	1687255	1.5795984	14.0543785	2
GGCAT	1501915	1.5794547	37.60457	2
GGGTC	923615	1.5667497	21.909267	5
GGGTT	1391370	1.5651813	20.013355	6
TGGCT	1035095	1.5631227	11.359049	1
AGCTT	1605015	1.5026057	32.561584	2
TTCCA	1187060	1.4918648	16.411951	5
GGTGC	876305	1.4864967	33.210255	1
CGCTT	731040	1.4819883	52.634956	2
GCATG	1389125	1.4608415	40.16642	4
GGCTC	636570	1.4495915	7.063649	6
CATGC	1022740	1.4438359	35.13224	1
CCATG	1021165	1.4416124	28.37292	7
GTTGC	951570	1.4369894	20.156319	1
TGGGT	1267005	1.4252805	34.52194	4
CCTAC	750525	1.4223568	6.1147456	75-79
CTCAG	1005275	1.4191799	38.255276	7
CAGCT	994750	1.4043214	9.711714	1
TCTCA	1106475	1.3905876	34.06224	6
GGATG	1772400	1.388458	8.055445	7
AGCTG	1318830	1.3869172	23.680763	1
GTCTG	910500	1.3749685	23.648252	1
AGGGC	1160205	1.3705417	31.364073	4
TTCAG	1457990	1.364962	9.2272415	1
TGCAG	1289875	1.3564676	16.922564	1
GGTTT	1349625	1.3515724	5.6756196	7
CAAGG	1839455	1.3471001	17.36208	5
CCCAA	1019765	1.345837	5.824878	90-94
CATCA	1537685	1.345777	35.598736	4
ATCTC	1067670	1.3418186	43.799732	5
TCAGG	1268610	1.3341047	39.542454	2
GTGCT	877220	1.3247118	9.240726	1
TCCAG	933005	1.317154	15.520378	1
GTGCA	1241590	1.3056898	16.918995	2
GGCAA	1768870	1.2954084	15.933478	6
TGCAA	1978590	1.2899438	15.384075	3
ATTGC	1360690	1.2738701	24.986618	1
TCCAT	998580	1.2549881	25.276213	6
GCAAG	1660540	1.2160743	17.259447	4
TGGGA	1538095	1.2049087	29.940872	4
GGCAC	755035	1.1973345	16.60052	6
GCAGT	1136590	1.1952689	14.329384	7
GGGCG	627205	1.1951268	13.240532	5
GGTTG	1061535	1.1941429	6.600741	7
GCCTA	839165	1.184677	5.610828	70-74
CACAG	1204260	1.1839185	24.802364	7
ATCCC	621345	1.1775414	50.54728	5
ACCTG	829775	1.1714208	28.87544	1
CAGCA	1190760	1.1706464	6.8623385	1
GGAAA	3401995	1.1505533	10.737508	7
CCAAG	1170060	1.1502961	5.812488	7
CGGGG	602770	1.1485664	43.30853	8
TCGCT	554715	1.1245364	13.49033	1
GAGCT	1065155	1.1201458	7.443211	1
AGTGC	1057910	1.1125268	31.122444	1
TGGCA	1038150	1.0917468	8.591699	1
TCATG	1153580	1.0799749	10.315551	1
TCACA	1226340	1.0732888	22.116411	6
GGATT	1506615	1.050697	9.054427	7
CGCAG	657770	1.0430917	16.77055	1
ATGCA	1594610	1.0396075	15.498717	2
TTCTA	1240885	1.0341934	8.37684	5
GGACT	983215	1.0339756	15.367265	7
ACAGG	1407090	1.0304635	26.91635	2
AATGC	1578415	1.0290492	27.177448	1
AAGGG	1873425	1.0220126	12.89013	6
ATCAC	1159410	1.014712	28.748917	5
GATGG	1289100	1.0098517	21.049183	2
ATGCT	1073370	1.0048828	8.419755	1
CGGCT	441065	1.0043892	20.711147	1
GGGTA	1269910	0.9948187	17.682999	6
AGCAG	1355625	0.99277365	9.299575	1
GGTTC	651955	0.98453337	5.0702376	7
AGCAT	1507175	0.9826041	23.347872	2
CAATG	1494100	0.9740801	8.066101	7
GGTCA	917150	0.96449983	7.45132	6
AACTG	1478750	0.9640725	9.087313	1
TAGGG	1229405	0.963088	8.02733	7
CCGCA	451795	0.9617908	10.398994	1
TCCAA	1089265	0.9533212	5.2563934	6
TACTG	1011620	0.94707274	19.553244	1
CTCGG	415165	0.9454099	24.334024	6
AGGCT	890840	0.9368314	11.989685	1
CGGGC	363895	0.93083215	18.89984	8
GCGCT	405060	0.9223989	14.189866	1
TCTCG	454960	0.9223099	11.252132	5
TTGGG	807055	0.9078731	7.3023324	7
AAGCT	1385225	0.9030988	8.195258	1
GGAAC	1231810	0.9020996	6.0218477	7
ACCAG	917170	0.9016778	11.2013445	1
AGGGA	1645425	0.8976313	8.623115	4
CGCAT	633905	0.89490473	37.590496	2
GGTCC	392115	0.8929208	5.778145	6
CCGCT	290235	0.8872378	12.819925	1
GCAAC	884730	0.86978585	5.678989	7
GTCAG	823420	0.86593086	7.991423	1
GGATC	823310	0.8658151	6.5072823	7
TCAAT	1490035	0.86479974	7.224064	6
CACGG	542615	0.8604788	27.827497	6
TATGC	901130	0.8436327	25.9945	1
ATCCA	949995	0.8314326	11.898035	5
GGACA	1131400	0.8285657	6.27224	7
AGGCA	1127570	0.8257608	8.160323	1
AAGCA	1807700	0.82071096	5.6466684	1
TCGGG	481420	0.81664395	20.388426	7
TAGCT	860710	0.8057918	7.9639816	1
ACATG	1234085	0.804563	6.7775917	1
GAGCA	1097885	0.80402136	5.192933	1
CGGCA	504845	0.8005831	15.965426	1
TCTAT	959170	0.79940295	12.853414	6
TCGCA	552245	0.7796225	10.173556	1
AATGG	1577640	0.7661821	7.0477724	2
TATGG	1088525	0.7591255	16.59346	2
GGAAT	1545140	0.75039846	5.157154	7
AGGGT	938615	0.73528963	9.454752	4
AGTTA	1692665	0.73181164	5.272093	9
ATCAG	1122315	0.73169434	6.815247	1
GCGCA	455425	0.7222129	9.237349	1
CGATG	685810	0.72121644	9.180234	1
TCACG	509560	0.7193627	10.814032	5
CTATG	758045	0.70967734	14.425982	7
TAGCA	1079860	0.7040158	6.207992	1
ACGGG	595895	0.7039265	28.188969	7
ACGCT	476790	0.6731002	12.851421	1
ACACG	654545	0.6434889	9.7124605	5
ACTCG	450910	0.63656455	7.211408	5
TACAG	945530	0.6164392	7.7000237	1
GGCTA	576405	0.60616314	5.2149043	6
ACGCA	543240	0.53406394	8.699485	1
GGTAG	626385	0.4906958	5.245556	7
ATCTA	765645	0.44437185	5.8928885	5
CGGGT	246950	0.41890708	5.0635734	8
CTAGG	355025	0.3733539	6.4879017	6
>>END_MODULE
