##FastQC	0.10.1
>>Basic Statistics	pass
#Measure	Value	
Filename	Acer-064_S41_L001_R1_001.fastq.gz	
File type	Conventional base calls	
Encoding	Sanger / Illumina 1.9	
Total Sequences	13687891	
Filtered Sequences	0	
Sequence length	101	
%GC	44	
>>END_MODULE
>>Per base sequence quality	pass
#Base	Mean	Median	Lower Quartile	Upper Quartile	10th Percentile	90th Percentile
1	36.247782656948395	37.0	37.0	37.0	37.0	37.0
2	36.338839927933385	37.0	37.0	37.0	37.0	37.0
3	36.31169060303008	37.0	37.0	37.0	37.0	37.0
4	36.319275263077415	37.0	37.0	37.0	37.0	37.0
5	36.48132111805975	37.0	37.0	37.0	37.0	37.0
6	36.5208418886445	37.0	37.0	37.0	37.0	37.0
7	36.54226571500314	37.0	37.0	37.0	37.0	37.0
8	36.536208682550146	37.0	37.0	37.0	37.0	37.0
9	36.54214210209593	37.0	37.0	37.0	37.0	37.0
10-14	36.421677671162044	37.0	37.0	37.0	37.0	37.0
15-19	36.33351108655088	37.0	37.0	37.0	37.0	37.0
20-24	36.31860426124083	37.0	37.0	37.0	37.0	37.0
25-29	36.239749527520345	37.0	37.0	37.0	37.0	37.0
30-34	36.205899170295844	37.0	37.0	37.0	37.0	37.0
35-39	36.17752514247812	37.0	37.0	37.0	37.0	37.0
40-44	36.141525688654305	37.0	37.0	37.0	37.0	37.0
45-49	36.10672976574696	37.0	37.0	37.0	37.0	37.0
50-54	36.08299560538582	37.0	37.0	37.0	37.0	37.0
55-59	36.0350948294372	37.0	37.0	37.0	37.0	37.0
60-64	35.988570437914795	37.0	37.0	37.0	37.0	37.0
65-69	35.94390343990904	37.0	37.0	37.0	37.0	37.0
70-74	35.88020116466445	37.0	37.0	37.0	37.0	37.0
75-79	35.84290846559196	37.0	37.0	37.0	37.0	37.0
80-84	35.78368029084977	37.0	37.0	37.0	37.0	37.0
85-89	35.75112724085837	37.0	37.0	37.0	37.0	37.0
90-94	35.68345240329573	37.0	37.0	37.0	37.0	37.0
95-99	35.61550206675375	37.0	37.0	37.0	37.0	37.0
100-101	35.5142310820564	37.0	37.0	37.0	37.0	37.0
>>END_MODULE
>>Per sequence quality scores	pass
#Quality	Count
14	2.0
15	5.0
16	43.0
17	122.0
18	182.0
19	305.0
20	680.0
21	1542.0
22	3264.0
23	7175.0
24	13502.0
25	23701.0
26	36981.0
27	55129.0
28	76851.0
29	110349.0
30	145255.0
31	194923.0
32	245420.0
33	336770.0
34	485008.0
35	1029817.0
36	8436170.0
37	2484695.0
>>END_MODULE
>>Per base sequence content	fail
#Base	G	A	T	C
1	20.875214069003746	29.7100954620587	25.817372317230824	23.597318151706734
2	29.804724100983908	26.40991420957771	21.25575018016135	22.529611509277032
3	20.042496027550015	12.066194909083151	27.027089226680573	40.86421983668626
4	26.939013826326413	17.128205382969288	35.66870469940801	20.26407609129629
5	47.41097076240599	13.012903156519876	12.490171057031358	27.085955024042786
6	47.40921008210834	6.452805622137115	20.157078983168407	25.980905312586138
7	47.663340218260366	13.555437981886447	18.669790307799488	20.111431492053693
8	60.137420741984336	11.615179549221978	11.512322205979155	16.735077502814534
9	49.29304874000267	23.299919752465872	8.076851479523729	19.330180028007735
10-14	43.82837422184303	24.945022796559098	17.370132612156798	13.856470369441078
15-19	25.41836397420647	34.723194722029305	22.779402005268018	17.079039298496205
20-24	24.331551981994938	33.78278526816443	25.138949144928564	16.74671360491207
25-29	22.772067328185667	33.05417587502873	26.325987698883413	17.84776909790219
30-34	22.656676325219554	32.34912013616062	25.834001578832726	19.160201959787095
35-39	22.867789567457113	31.896137584857478	25.923189111264115	19.31288373642129
40-44	22.580883282386033	31.948770335238148	26.02924071719964	19.441105665176174
45-49	22.722953720038593	31.969392898853403	25.9391172778093	19.368536103298702
50-54	23.050297915484393	31.891602230846882	25.723316679687237	19.33478317398149
55-59	22.7218119323207	32.12335767689397	25.824172588607443	19.33065780217789
60-64	22.613535861345877	32.41398046332839	25.803322251427545	19.16916142389819
65-69	22.82390833910808	32.225733439569964	25.782241438646007	19.16811678267595
70-74	22.542062566024228	32.27522762049913	26.044659679059663	19.138050134416986
75-79	22.420672700972442	32.692848881374985	26.047682657750865	18.838795759901707
80-84	22.703514152409713	32.72939471054723	25.85078581556926	18.71630532147379
85-89	22.602194918181734	32.61586366044733	25.808909498601114	18.973031922769824
90-94	22.50152196565563	32.772573948755145	25.940649293598263	18.785254791990965
95-99	22.879030816361702	32.567234791685586	25.940137892681935	18.61359649927078
100-101	22.491708182071292	32.717626112013896	25.989153478793774	18.801512227121037
>>END_MODULE
>>Per base GC content	fail
#Base	%GC
1	44.47253222071048
2	52.33433561026094
3	60.90671586423627
4	47.203089917622705
5	74.49692578644877
6	73.39011539469448
7	67.77477171031407
8	76.87249824479888
9	68.6232287680104
10-14	57.684844591284104
15-19	42.49740327270268
20-24	41.07826558690701
25-29	40.61983642608786
30-34	41.816878285006645
35-39	42.18067330387841
40-44	42.021988947562214
45-49	42.0914898233373
50-54	42.385081089465885
55-59	42.05246973449859
60-64	41.78269728524406
65-69	41.992025121784025
70-74	41.68011270044121
75-79	41.25946846087415
80-84	41.4198194738835
85-89	41.57522684095156
90-94	41.28677675764659
95-99	41.49262731563248
100-101	41.29322040919233
>>END_MODULE
>>Per sequence GC content	warn
#GC Content	Count
0	214.0
1	227.5
2	251.5
3	417.5
4	1861.0
5	7815.0
6	20118.0
7	34769.0
8	45415.5
9	49076.5
10	46186.0
11	38731.0
12	30304.5
13	23614.0
14	19190.5
15	16469.5
16	14890.0
17	13962.5
18	13437.5
19	13539.5
20	14082.5
21	14975.0
22	16305.0
23	18698.5
24	22786.0
25	28468.0
26	36326.5
27	47674.5
28	63535.5
29	83710.5
30	111110.0
31	146516.5
32	186265.0
33	227471.0
34	270593.0
35	317190.5
36	362926.0
37	407285.0
38	452081.5
39	497167.5
40	542426.5
41	579749.0
42	598537.5
43	601135.0
44	601028.5
45	599744.0
46	587192.0
47	560190.5
48	518784.0
49	472367.5
50	434792.5
51	406228.5
52	380555.5
53	349246.0
54	314631.5
55	288460.0
56	269145.5
57	254604.5
58	243838.5
59	225767.0
60	198607.0
61	169751.0
62	144893.5
63	123804.0
64	104374.0
65	85288.0
66	67383.5
67	52103.0
68	42401.5
69	38759.5
70	34817.5
71	29887.5
72	23602.5
73	15130.5
74	7217.0
75	2897.5
76	1302.0
77	589.0
78	296.5
79	179.5
80	96.0
81	69.0
82	54.0
83	48.0
84	55.5
85	45.5
86	40.0
87	40.5
88	29.5
89	20.0
90	19.5
91	15.0
92	13.5
93	15.0
94	14.0
95	14.5
96	13.0
97	13.0
98	10.0
99	4.5
100	1.0
>>END_MODULE
>>Per base N content	pass
#Base	N-Count
1	0.03935595337514011
2	0.041723009045001896
3	0.0036090293238016
4	1.3150309277009878E-4
5	0.0
6	0.0
7	1.3880882014621538E-4
8	7.305727376116598E-6
9	0.0017752917523963334
10-14	2.6154504006497425E-4
15-19	6.195256814946875E-4
20-24	3.945092783102963E-5
25-29	4.412659335174425E-4
30-34	4.1788760591386946E-4
35-39	0.0012814245817708513
40-44	6.370594271973674E-4
45-49	0.0013997773652639402
50-54	0.002321760160129855
55-59	0.005403315967375836
60-64	3.8574240545895635E-4
65-69	0.005188527582518008
70-74	0.01603461044510071
75-79	0.005794902954735686
80-84	7.305727376116597E-5
85-89	1.3588652919576871E-4
90-94	0.0
95-99	0.0
100-101	0.0
>>END_MODULE
>>Sequence Length Distribution	pass
#Length	Count
101	1.3687891E7
>>END_MODULE
>>Sequence Duplication Levels	fail
#Total Duplicate Percentage	73.90455995295711
#Duplication Level	Relative count
1	100.0
2	55.00529208918024
3	44.49281300146813
4	35.8428078800915
5	27.60934139096589
6	19.72924988903684
7	13.807231383795964
8	9.638430810201783
9	6.499026938441053
10++	28.800915019290517
>>END_MODULE
>>Overrepresented sequences	pass
>>END_MODULE
>>Kmer Content	fail
#Sequence	Count	Obs/Exp Overall	Obs/Exp Max	Max Obs/Exp Position
AAAAA	40318800	10.898934	14.927991	95-97
CTGGG	7218075	7.0544314	324.78815	3
CCTGG	3793575	4.9559336	227.47778	5
TGGGG	6602115	4.8271136	218.89659	4
GGGGG	6521070	4.6522374	135.82932	5
TTTTT	4697595	3.7890112	4.7132716	85-89
TGCCT	2743140	3.6727066	232.70271	3
GCCTG	2809365	3.67016	226.94025	4
CAGGG	4606555	3.6179461	130.30301	3
GGGGA	5985695	3.5169342	84.78452	5
GCTTC	2556625	3.4229875	168.33951	3
CCAGG	2611750	2.7419128	116.44759	5
GCATC	2502485	2.6924956	141.40782	3
TGCCA	2486405	2.6751945	118.86083	3
CTGCC	1365640	2.384785	89.71581	2
CTTCT	1734075	2.379401	59.89192	4
GGGCA	2998605	2.355077	50.043465	5
CTTCC	1294010	2.3158588	75.0545	4
CTCTG	1726645	2.3117523	56.22924	7
GCTGG	2362790	2.3092225	114.54014	2
AGGGG	3926825	2.3072321	79.68374	4
GGGGC	2391270	2.280383	32.234535	5
GCCAG	2159330	2.2669454	116.01546	4
TTGCC	1667860	2.233047	79.151886	2
CTTCA	2001155	2.2066107	44.91588	4
TCTCT	1578865	2.1664305	57.72252	6
TCTGG	2156735	2.1602244	64.02561	2
ATGCC	1935685	2.082659	105.47821	2
CCCTG	1190060	2.0781739	58.47363	7
GGGGT	2841730	2.077721	50.200344	5
TTCTC	1513510	2.076754	46.07776	5
GTGCC	1583620	2.068844	100.77128	2
TGGGC	2053775	2.007213	67.6653	4
TGCTG	1955330	1.9584936	32.435986	1
CACTG	1753240	1.8863612	43.32093	7
TTTGC	1835220	1.8838732	16.364466	1
GCTGC	1436855	1.87711	14.303635	1
GGGAA	3851990	1.8639812	28.17624	6
TTCCC	1032475	1.8477961	50.36662	5
CATCT	1665380	1.8363621	52.359615	4
TGCTT	1756350	1.8029124	26.558504	2
TCCCT	1000120	1.789891	59.944218	6
CATCC	1244005	1.7891296	61.005024	4
ACTGG	2186500	1.7599357	57.446163	2
GGCTT	1756675	1.7595173	36.4307	2
CATGG	2166480	1.7438214	31.020964	5
TTCAA	2559165	1.7386564	5.525407	5
CTTGC	1264585	1.6931144	23.25067	1
ATGGG	2811105	1.6927319	59.953762	3
TGCAT	2045090	1.6870238	31.823088	3
TTCAC	1522450	1.6787577	35.81035	5
CCCAG	1195380	1.6775067	31.843674	7
AGCTT	2033090	1.677125	30.35266	2
CATCA	1892545	1.6770129	37.483303	4
TTGCA	2023890	1.6695358	12.357508	2
TTCTG	1599065	1.6414577	15.211057	1
TTGCT	1596650	1.6389786	5.4113092	1
CTGCA	1520140	1.6355623	8.693147	2
TCTGC	1219060	1.6321623	23.631477	1
TCACT	1474965	1.6263975	44.347843	6
CAAGG	2459305	1.590761	15.196664	5
TCCTG	1186475	1.5885353	33.292667	1
TTCCA	1433655	1.5808464	14.934839	5
TCCCA	1078520	1.551129	32.75086	6
CTGCT	1148235	1.537337	6.946153	1
GGGAG	2602605	1.5291777	16.492416	6
CAGCT	1390135	1.4956862	7.826493	1
GGCTG	1528470	1.4938176	26.159151	1
GGGCT	1528330	1.4936807	14.531156	5
GCAGG	1901365	1.4933147	39.444077	2
CAGCA	1719405	1.4866438	6.3440022	1
AGCTG	1843090	1.4835217	19.037233	1
TGCAG	1831695	1.4743496	13.86625	1
GGCAT	1818875	1.4640307	30.549568	2
CCTGC	834705	1.4576256	14.829303	1
ATCTC	1321690	1.4573859	41.18792	5
GGAAA	3625190	1.4447538	7.8824887	7
CGCTG	1094280	1.4295696	45.435192	1
TGCAA	2155335	1.4287912	15.490286	3
GCAAG	2208895	1.4287875	15.096596	4
GGCAA	2203705	1.4254303	13.905352	6
GGCAG	1814075	1.424758	10.91116	6
TCTCA	1289235	1.4215988	31.674892	6
GGAAG	2912435	1.4093298	9.762485	7
CCATG	1304435	1.4034793	22.48074	7
CCAAG	1620825	1.401409	5.1283345	7
TGGCT	1392965	1.3952187	7.9937787	1
GCATG	1711925	1.3779457	30.868086	4
GGCTC	1046590	1.3672671	5.047057	6
CTCAG	1249750	1.3446419	30.922949	7
CATGC	1236420	1.3302997	28.139236	1
GGGCC	1041840	1.3280561	9.145808	7
TCCAT	1201360	1.3247019	23.06137	6
CACAG	1524345	1.3179897	23.026766	7
ACTGC	1224680	1.3176683	24.377695	1
GGGAT	2185195	1.3158348	19.911701	6
GGGAC	1666855	1.3091327	19.858799	6
ATTGC	1584465	1.3070477	22.522455	1
CGTGC	998830	1.3048733	26.528748	1
AGCAG	2009035	1.2995113	8.665357	1
CGCTT	958775	1.2836748	36.547886	2
GGAGC	1623325	1.2749447	5.1127696	8
TTCAG	1541205	1.271362	8.520193	1
TGTGC	1263110	1.2651535	22.134933	1
GGGTG	1727400	1.2629826	11.861009	6
TCACA	1422415	1.2604235	23.632133	6
TCCAA	1417735	1.2562766	5.305638	6
GAGCT	1542155	1.2412962	6.1547046	1
TCAGG	1530970	1.2322931	31.893362	2
TCCAG	1133110	1.2191455	12.516017	1
AAGCA	2279910	1.2145543	6.8467774	1
GTTGC	1209850	1.2118074	13.877661	1
AAGCT	1823910	1.2090867	8.874278	1
ATGCA	1820375	1.2067431	15.671367	2
GATGC	1485875	1.1959957	19.597853	1
AACTG	1792160	1.1880394	9.746231	1
AATGC	1785965	1.1839325	28.663715	1
GGTGC	1208580	1.1811799	20.272322	1
ATCCC	816130	1.1737592	40.749214	5
ATCAC	1303090	1.154688	30.61426	5
GTGCA	1432895	1.1533515	13.103271	2
TGGCA	1426340	1.1480753	7.082168	1
AGGGC	1460760	1.1472677	20.648857	4
CAATG	1729825	1.1467168	8.148629	7
GGGTT	1523385	1.141499	12.918204	6
TCATG	1376915	1.1358368	9.568802	1
GTGCT	1116105	1.1179107	6.3690624	1
AGCAT	1676490	1.1113607	24.659613	2
ACAGG	1716515	1.1102995	24.629644	2
ACCTG	1031425	1.1097398	22.907127	1
GTCTG	1106050	1.1078395	16.937983	1
GGCAC	1048415	1.1006653	13.115625	6
ATCCA	1236820	1.095965	12.358896	5
CGCAG	1042755	1.0947232	11.824733	1
ATGCT	1307655	1.0787032	7.700204	1
TGGGA	1788480	1.0769492	21.31129	4
GATGG	1757295	1.0581709	16.067314	2
GGGTC	1079295	1.0548259	13.135933	6
AAGGG	2167635	1.0489204	11.316306	6
ATCTG	1261800	1.0408767	12.42835	1
TCGCT	776820	1.0400606	9.329771	1
TGGGT	1387045	1.039337	21.448347	4
GGATG	1712575	1.0312424	7.482767	7
TCAAT	1509160	1.0252995	8.390024	6
AGTGC	1268505	1.0210325	24.71414	1
CCGCA	727115	1.0203786	7.420183	1
ACCAG	1178830	1.0192481	10.20068	1
GGAAC	1554625	1.0055836	5.6236887	7
AGGCA	1552640	1.0042998	7.490866	1
AGGCT	1216270	0.978988	9.518813	1
GGACA	1502310	0.9717445	5.753874	7
GACTG	1195685	0.96241885	11.913262	1
ATCAG	1446515	0.958908	6.994917	1
GGATC	1182490	0.9517981	5.931563	7
AGGGA	1957720	0.9473425	6.91065	4
ACATG	1426030	0.94532835	7.0435014	1
GGGCG	980620	0.9351471	10.634313	5
TACTG	1130375	0.9324624	18.291988	1
CGCAT	862300	0.9277734	29.945501	2
AATGG	1859745	0.92229795	7.010257	2
TCTCG	686455	0.9190737	7.5937133	5
TTCTA	1072185	0.906442	8.464902	5
CGATG	1117570	0.89954334	7.098576	1
CGGCA	853685	0.89623046	11.354923	1
CCGCT	502790	0.87801045	7.847767	1
CGGCT	671755	0.87758195	12.610634	1
TCGCA	807245	0.8685381	7.9617476	1
CTCGG	644555	0.84204787	14.062826	6
GCGCT	635660	0.8304274	8.636205	1
TATGC	992295	0.8185583	23.41171	1
GGGTA	1319875	0.79477453	13.19552	6
GTCAG	979365	0.7883007	6.5481143	1
GCGCA	741795	0.7787641	6.4835777	1
CACGG	733845	0.77041787	18.218805	6
TAGCA	1153530	0.7646855	6.585646	1
TATGG	1236315	0.7629599	14.668044	2
TACAG	1142720	0.75751954	8.084373	1
CTATG	893230	0.73683816	12.828065	7
TCTAT	853755	0.72177774	13.134166	6
TCACG	670780	0.72171146	8.305397	5
ACTCG	636150	0.68445206	5.454836	5
CGGGG	717515	0.68424267	22.215124	8
AGGGT	1115935	0.6719703	6.132202	4
ACGCA	776485	0.6713698	7.918987	1
CGGGC	524790	0.6689612	9.5352745	8
ACGCT	606765	0.6528359	10.189533	1
TAGCT	780570	0.6439033	7.2513723	1
ACACG	716660	0.6196435	8.303352	5
ATCTA	870970	0.5917233	6.8631024	5
TCGGG	599190	0.58560556	11.85713	7
ACGGG	742905	0.58347076	18.420916	7
TAGGG	527210	0.3174642	5.9133797	7
>>END_MODULE
