##FastQC	0.10.1
>>Basic Statistics	pass
#Measure	Value	
Filename	Acer-137_S63_L001_R1_001.fastq.gz	
File type	Conventional base calls	
Encoding	Sanger / Illumina 1.9	
Total Sequences	10239279	
Filtered Sequences	0	
Sequence length	101	
%GC	43	
>>END_MODULE
>>Per base sequence quality	pass
#Base	Mean	Median	Lower Quartile	Upper Quartile	10th Percentile	90th Percentile
1	36.308940893201566	37.0	37.0	37.0	37.0	37.0
2	36.38384226076855	37.0	37.0	37.0	37.0	37.0
3	36.34714143447014	37.0	37.0	37.0	37.0	37.0
4	36.3543557119598	37.0	37.0	37.0	37.0	37.0
5	36.50920255225002	37.0	37.0	37.0	37.0	37.0
6	36.54772127998466	37.0	37.0	37.0	37.0	37.0
7	36.569862780377406	37.0	37.0	37.0	37.0	37.0
8	36.56025936982477	37.0	37.0	37.0	37.0	37.0
9	36.572716594596166	37.0	37.0	37.0	37.0	37.0
10-14	36.453756382651555	37.0	37.0	37.0	37.0	37.0
15-19	36.36711075066906	37.0	37.0	37.0	37.0	37.0
20-24	36.349907937853835	37.0	37.0	37.0	37.0	37.0
25-29	36.271562069946526	37.0	37.0	37.0	37.0	37.0
30-34	36.24360158561946	37.0	37.0	37.0	37.0	37.0
35-39	36.21967556504711	37.0	37.0	37.0	37.0	37.0
40-44	36.19127676860842	37.0	37.0	37.0	37.0	37.0
45-49	36.17273970169189	37.0	37.0	37.0	37.0	37.0
50-54	36.15483947649049	37.0	37.0	37.0	37.0	37.0
55-59	36.11484296892389	37.0	37.0	37.0	37.0	37.0
60-64	36.082109707138564	37.0	37.0	37.0	37.0	37.0
65-69	36.04227244906599	37.0	37.0	37.0	37.0	37.0
70-74	35.98903504826853	37.0	37.0	37.0	37.0	37.0
75-79	35.96643029260166	37.0	37.0	37.0	37.0	37.0
80-84	35.92329301701809	37.0	37.0	37.0	37.0	37.0
85-89	35.896397119367485	37.0	37.0	37.0	37.0	37.0
90-94	35.836444636385046	37.0	37.0	37.0	37.0	37.0
95-99	35.78487655234319	37.0	37.0	37.0	37.0	37.0
100-101	35.68985872931092	37.0	37.0	37.0	37.0	37.0
>>END_MODULE
>>Per sequence quality scores	pass
#Quality	Count
14	1.0
15	8.0
16	36.0
17	89.0
18	141.0
19	245.0
20	369.0
21	771.0
22	1624.0
23	3408.0
24	6691.0
25	12629.0
26	20684.0
27	33972.0
28	49846.0
29	72966.0
30	98409.0
31	132765.0
32	168586.0
33	230122.0
34	332675.0
35	724769.0
36	6443059.0
37	1905414.0
>>END_MODULE
>>Per base sequence content	fail
#Base	G	A	T	C
1	20.972007712954294	29.39747038860221	25.985379152512962	23.645142745930535
2	29.804008967875532	26.188123329588574	21.309413005920806	22.698454696615084
3	20.073494294791722	11.942691053424737	26.801039956479656	41.182774695303884
4	26.71519879600733	17.019522397359577	35.9656479249243	20.299630881708794
5	47.868096962686536	12.807893993317304	12.464988989947438	26.859020054048727
6	47.86095778814114	6.1890392868482245	20.190874767647216	25.759128157363424
7	48.11925861829859	13.224861952914566	18.534308143361923	20.121571285424924
8	61.18599377807693	11.090117877451906	11.26892931318009	16.45495903129107
9	49.426038701624805	23.0395918393258	8.289982376389343	19.244387082660054
10-14	43.841586428848444	24.98668603527466	17.618139767867742	13.553587768009157
15-19	25.125414330852486	35.07628891206817	23.260047742305698	16.538249014773644
20-24	23.898460799527154	33.944615425483654	25.890710838275005	16.266212936714183
25-29	22.368277564377586	32.94185046369169	27.298200579164135	17.391671392766593
30-34	22.297668352566365	32.065363047905606	26.82155640247163	18.815412197056403
35-39	22.630165703361037	31.377899378118457	26.95011694620119	19.04181797231931
40-44	22.42116735458716	31.413209147786137	27.024181792352426	19.141441705274275
45-49	22.542144035505455	31.39187875365719	26.926813712500834	19.139163498336522
50-54	22.887442345538705	31.393971099027233	26.62345319544073	19.095133359993333
55-59	22.6198217094094	31.56998646396684	26.77902066440639	19.031171162217372
60-64	22.426489050939058	31.813362303703023	26.859693558998703	18.900455086359212
65-69	22.511028526935483	31.515454001905347	26.902710359981484	19.070807111177682
70-74	22.345836416877844	31.543625931085227	27.14190285272913	18.968634799307797
75-79	22.208454421244937	31.913518276785098	27.142100127434095	18.73592717453587
80-84	22.3612412391953	31.98559475515766	27.062662061104238	18.590501944542808
85-89	22.31678220559255	31.89326535447574	27.005655290391044	18.78429714954066
90-94	22.244943223053106	32.04872530575639	27.10481275097592	18.601518720214578
95-99	22.593575192159527	31.80380571717989	27.115292004446793	18.487327086213785
100-101	22.410161887375075	31.844107382951474	27.16238125750846	18.583349472164983
>>END_MODULE
>>Per base GC content	fail
#Base	%GC
1	44.61715045888482
2	52.50246366449062
3	61.256268990095606
4	47.01482967771612
5	74.72711701673525
6	73.62008594550457
7	68.24082990372351
8	77.640952809368
9	68.67042578428486
10-14	57.3951741968576
15-19	41.66366334562613
20-24	40.16467373624134
25-29	39.75994895714418
30-34	41.11308054962277
35-39	41.671983675680345
40-44	41.56260905986144
45-49	41.681307533841974
50-54	41.982575705532035
55-59	41.65099287162678
60-64	41.32694413729827
65-69	41.58183563811317
70-74	41.31447121618564
75-79	40.94438159578081
80-84	40.95174318373811
85-89	41.101079355133216
90-94	40.846461943267684
95-99	41.08090227837331
100-101	40.993511359540065
>>END_MODULE
>>Per sequence GC content	warn
#GC Content	Count
0	98.0
1	109.0
2	113.5
3	174.5
4	761.5
5	3299.0
6	8405.5
7	14290.0
8	18296.5
9	19337.5
10	17816.5
11	14616.0
12	11062.5
13	8336.5
14	6684.0
15	5697.5
16	5173.0
17	4968.5
18	4919.0
19	4984.5
20	5286.0
21	6015.5
22	7212.5
23	9174.0
24	12293.0
25	16510.0
26	22343.0
27	31626.5
28	44272.5
29	60374.0
30	83019.5
31	112743.0
32	145756.5
33	179425.5
34	215732.0
35	255698.0
36	295927.0
37	335549.5
38	374395.5
39	412362.0
40	450702.5
41	482561.5
42	500484.0
43	511049.5
44	518461.0
45	518147.5
46	505547.5
47	479668.0
48	441941.5
49	395385.5
50	348466.0
51	310798.0
52	281447.5
53	246346.5
54	204437.5
55	169375.0
56	145200.5
57	128093.5
58	115896.5
59	106867.5
60	96819.0
61	85043.0
62	74087.5
63	64560.5
64	56230.0
65	47050.5
66	38546.5
67	29057.0
68	21456.0
69	19306.0
70	18393.0
71	17462.5
72	14608.0
73	9488.0
74	5055.5
75	2851.5
76	1770.5
77	905.5
78	299.0
79	105.5
80	73.5
81	64.0
82	62.5
83	44.5
84	40.0
85	33.0
86	23.0
87	22.0
88	20.0
89	14.5
90	10.5
91	9.5
92	9.0
93	15.5
94	19.5
95	12.5
96	5.0
97	6.0
98	7.5
99	4.5
100	1.0
>>END_MODULE
>>Per base N content	pass
#Base	N-Count
1	0.039368006282473604
2	0.044192564730387754
3	0.0037990956199162075
4	1.3672837706639305E-4
5	0.0
6	0.0
7	1.8555994030439057E-4
8	9.766312647599503E-6
9	0.0016993384006823136
10-14	2.929893794279851E-4
15-19	5.70352658619811E-4
20-24	1.9532625295199007E-5
25-29	3.906525059039801E-4
30-34	3.7111988060878115E-4
35-39	0.0012344619186565773
40-44	6.133244342692489E-4
45-49	0.0012832934818945748
50-54	0.002136869207294771
55-59	0.005209351166229575
60-64	3.4768073025454233E-4
65-69	0.005015978175807105
70-74	0.015643679598924886
75-79	0.005611723247310675
80-84	8.203702623983584E-5
85-89	1.6602731500919157E-4
90-94	0.0
95-99	0.0
100-101	0.0
>>END_MODULE
>>Sequence Length Distribution	pass
#Length	Count
101	1.0239279E7
>>END_MODULE
>>Sequence Duplication Levels	fail
#Total Duplicate Percentage	73.92652281401612
#Duplication Level	Relative count
1	100.0
2	59.80154355016538
3	48.49800695445679
4	37.56424391485031
5	27.085064879993215
6	18.91103383936901
7	12.165210753964889
8	8.30294292256806
9	5.390552116020694
10++	21.523195657705028
>>END_MODULE
>>Overrepresented sequences	pass
>>END_MODULE
>>Kmer Content	fail
#Sequence	Count	Obs/Exp Overall	Obs/Exp Max	Max Obs/Exp Position
CTGGG	5419690	7.0864754	329.77997	3
AAAAA	17271735	6.7255993	9.082051	95-97
GGGGG	5187465	5.145741	148.65117	5
CCTGG	2833915	4.9775643	229.46991	5
TGGGG	5094400	4.958778	227.18956	4
CAGGG	3438465	3.8002486	138.16609	3
GGGGA	4609325	3.792369	89.33271	5
GCCTG	2059430	3.617238	228.9354	4
TTTTT	3902470	3.5218983	4.478294	80-84
TGCCT	2009030	3.4626243	224.61845	3
GCTTC	1807405	3.1151173	163.65652	3
CCAGG	1915345	2.8436007	122.35414	5
TGCCA	1842395	2.684066	119.534	3
GCATC	1778395	2.5908284	142.38112	3
AGGGG	3027885	2.4912226	85.883865	4
GGGCA	2240740	2.4765031	52.27517	5
GCCAG	1558030	2.3131158	121.925385	4
GGGGC	1710525	2.279273	34.260708	5
GCTGG	1711055	2.2372773	116.206985	2
CTTCC	959250	2.2208788	73.18793	4
CTCTG	1277470	2.2017584	55.042084	7
GGGGT	2256370	2.196302	53.84726	5
CTGCC	924465	2.181196	90.060394	2
CTTCA	1519405	2.1720655	43.54452	4
TTGCC	1256785	2.1661072	76.73975	2
CTTCT	1245660	2.1067226	56.360825	4
ATGCC	1424220	2.074854	106.54374	2
TTCTC	1222950	2.0683143	43.570896	5
TCTGG	1605545	2.06	62.45772	2
TCTCT	1200365	2.0301173	54.157196	6
CCCTG	845160	1.9940825	59.823013	7
GGGAA	2906675	1.983582	28.09178	6
CACTG	1350760	1.967835	43.480568	7
GTGCC	1118045	1.963764	100.98393	2
TGGGC	1487640	1.9451525	66.095924	4
TTCAA	2088855	1.8438005	5.2944317	5
ACTGG	1694975	1.838229	57.91046	2
TGCTG	1429340	1.8339195	31.805006	1
TTCCC	780315	1.8066043	48.77274	5
CATCT	1252150	1.7900112	51.01524	4
TTTGC	1405490	1.7695441	15.069332	1
CCCAG	883165	1.7613171	33.64886	7
CATCC	898385	1.7581145	62.414402	4
CATGG	1606385	1.7421515	30.428211	5
CATCA	1435140	1.7341441	37.104233	4
TCCCT	744275	1.7231637	58.776688	6
ATGGG	2133100	1.7221593	60.640823	3
TTCAC	1190815	1.7023298	34.793346	5
TGCTT	1330360	1.6749537	24.543522	2
TTCCA	1161085	1.6598291	14.713649	5
TCACT	1153090	1.6484	42.64403	6
GCTGC	938265	1.6479936	14.3064785	1
CAAGG	1790040	1.640932	15.6413765	5
TTGCA	1508820	1.6056933	11.576458	2
TTGCT	1270985	1.6001992	5.0049815	1
TCCCA	815305	1.5955292	33.123993	6
GGCTT	1243055	1.594906	35.423153	2
CTGCA	1083060	1.5778401	8.752179	2
GGGAG	1912570	1.5735865	17.861282	6
TGCAT	1476140	1.5709151	29.812376	3
CTTGC	903645	1.5574596	22.325624	1
GGAAA	2747835	1.5553379	7.3664103	7
CAGCA	1254140	1.5443584	6.7498837	1
AGCTT	1442955	1.5355994	29.432188	2
CCAAG	1235130	1.5209491	5.3778157	7
GCAAG	1639330	1.5027757	15.559254	4
TGCAA	1668470	1.5008427	15.316407	3
TCCTG	868970	1.4976962	33.15088	1
GCAGG	1346130	1.4877651	41.601795	2
TTCTG	1172060	1.4756504	14.607334	1
GGCAA	1607675	1.4737577	14.297186	6
CAGCT	1005535	1.4648991	7.954435	1
CACAG	1177835	1.4503956	24.011156	7
AGCTG	1329435	1.4417945	18.94168	1
GGCAT	1323795	1.4356779	30.480686	2
TCTCA	1003515	1.434575	31.18937	6
GGAAG	2097435	1.431338	9.801344	7
GGCAG	1292225	1.4281886	11.289305	6
GGCTG	1088970	1.4238746	26.773108	1
ATCTC	991815	1.4178491	40.326473	5
GGGAC	1265940	1.3991381	22.062977	6
TCTGC	810555	1.3970162	22.733036	1
CCATG	956065	1.3928293	23.054077	7
TGCAG	1280275	1.3884798	13.989251	1
GGGCT	1056615	1.3815693	14.067275	5
CTCAG	946130	1.3783556	31.832712	7
TCACA	1136300	1.3730423	23.57434	6
TCCAT	954980	1.3651917	22.626453	6
AGCAG	1488510	1.3645189	9.203378	1
AAGCA	1792845	1.3631732	7.3361106	1
CTGCT	784075	1.3513771	6.6524286	1
TCCAA	1116060	1.3485854	5.34097	6
GGGAT	1663070	1.3426806	20.970007	6
ATTGC	1252570	1.3329908	21.80191	1
GCATG	1224315	1.3277901	30.248238	4
ACTGC	907160	1.3215828	24.706902	1
CGCTG	752160	1.321114	46.41315	1
AATGC	1458180	1.31168	28.566607	1
TGGCT	1017250	1.3051859	8.003876	1
CATGC	889955	1.2965178	28.222012	1
CCTGC	548590	1.2943511	14.388551	1
AACTG	1433400	1.2893896	9.51216	1
AAGCT	1407700	1.2662716	9.026641	1
TTCAG	1184700	1.2607634	8.461561	1
GGGCC	703420	1.2590873	8.708593	8
CAATG	1389900	1.2502599	7.9951816	7
TCAGG	1144765	1.241517	32.603905	2
TGTGC	959525	1.2311218	21.163689	1
GGAGA	1793180	1.2237073	5.1861234	7
ATGCA	1356160	1.2199095	15.4353895	2
ATCAC	1006300	1.2159574	30.355911	5
GGGTG	1248630	1.2153895	12.675419	6
TCCAG	829825	1.2089183	13.058453	1
GGAGC	1089540	1.2041776	5.3149996	8
GGAGG	1454775	1.1969309	5.287399	7
GTTGC	928075	1.1907698	13.177873	1
ATCCC	605810	1.1855533	41.8009	5
ATCCA	962585	1.1631347	12.562301	5
ACCTG	792760	1.1549208	23.240326	1
CGCTT	665415	1.146863	35.44009	2
ACAGG	1239470	1.1362238	25.962994	2
AAGGG	1662590	1.1345897	11.592162	6
TCAAT	1284665	1.133954	7.8642726	6
GGGTT	1186005	1.1328101	13.889299	6
AGGGC	1024085	1.1318357	21.07922	4
GGCAC	761270	1.130213	14.467269	6
GAGCT	1038360	1.1261188	6.1121044	1
GGTGC	856260	1.1195965	20.189787	1
GATGC	1028935	1.1158973	19.782354	1
CGTGC	634510	1.1144702	26.231812	1
GTGCA	1026690	1.1134624	12.683535	2
TGGCA	1022695	1.1091298	6.99752	1
TCATG	1030035	1.0961682	9.743115	1
AGCAT	1209385	1.0878807	24.990526	2
GATGG	1344395	1.085398	16.129902	2
ACCAG	881020	1.0848953	10.828025	1
GGAAC	1167060	1.0698454	5.9079986	7
GGGTC	812335	1.0621628	13.803037	6
GGACA	1155415	1.0591704	6.6860094	7
CCGCA	527565	1.0521357	7.6763344	1
ATGCT	985490	1.048763	7.377328	1
GTGCT	809125	1.0381504	6.3404493	1
AGGCA	1130780	1.0365875	7.8832073	1
CGCAG	695700	1.0328649	12.630311	1
GGATT	1288685	1.0209343	5.0573864	7
ATCAG	1132100	1.0183604	7.149619	1
GGATG	1255020	1.0132412	7.825822	7
GTCTG	789100	1.0124575	16.15099	1
TGGGA	1250400	1.009511	19.443094	4
AGGCT	922705	1.000689	9.592704	1
AGTGC	916875	0.99436635	24.579494	1
ATCTG	931940	0.9917749	12.095471	1
AGGGA	1449115	0.98890936	6.6990376	4
TCGCT	572000	0.9858594	9.029969	1
AATGG	1463325	0.97990364	6.946811	2
GAGCA	1062380	0.9738851	5.0150495	1
GACTG	887305	0.96229714	12.258952	1
ACATG	1068120	0.96080846	7.1832395	1
TACTG	885625	0.9424863	17.419525	1
TGGGT	976385	0.9325918	18.906752	4
CGCAT	629005	0.9163567	30.419867	2
GGACG	824855	0.91164345	5.4629474	7
TTCTA	855290	0.89315635	7.8670454	5
GGATC	821525	0.8909578	5.9975743	7
TCGCA	595240	0.86716664	8.163035	1
GGGCG	636710	0.8484156	10.108839	5
TCTCG	489690	0.8439956	7.086415	5
GGGTA	1025935	0.8282892	13.979352	6
CGGCA	549850	0.81633013	11.718007	1
TATGC	753235	0.80159616	22.592228	1
GGACT	734245	0.79630107	5.059253	7
CGATG	727750	0.78925705	7.163338	1
GTCAG	725920	0.78727245	6.6190343	1
TATGG	987905	0.78264743	14.120366	2
TAGCA	859790	0.7734088	6.618692	1
TACAG	858015	0.7718121	8.202305	1
CTCGG	436170	0.7661007	13.723748	6
CGGCT	435435	0.7648097	12.702851	1
CTATG	691980	0.73640835	12.482725	7
GCGCA	493625	0.73285615	6.9417353	1
CCGCT	308455	0.7277732	7.7348194	1
CACGG	486145	0.72175103	18.477755	6
ACTCG	493900	0.719531	5.3688483	5
GCGCT	406715	0.7143651	8.842548	1
TCTAT	674530	0.7043935	12.252987	6
TCACG	480105	0.6994339	8.120039	5
ACGCA	564140	0.69468665	8.470676	1
AGGGT	832155	0.67184067	5.553883	4
ACGCT	443095	0.6455165	10.457653	1
TAGCT	605725	0.64461535	7.18104	1
CGGGG	474200	0.6318711	22.773748	8
ACGGG	549290	0.60708445	18.4948	7
ACACG	485115	0.59737456	8.4628525	5
ATCTA	667495	0.5891877	6.6086216	5
CGGGC	322290	0.57688326	9.630495	8
TCGGG	405500	0.5302085	11.350234	7
TAGGG	413745	0.3340372	5.660966	7
>>END_MODULE
