##FastQC	0.10.1
>>Basic Statistics	pass
#Measure	Value	
Filename	Acer-041_S32_L001_R1_001.fastq.gz	
File type	Conventional base calls	
Encoding	Sanger / Illumina 1.9	
Total Sequences	13899610	
Filtered Sequences	0	
Sequence length	101	
%GC	40	
>>END_MODULE
>>Per base sequence quality	pass
#Base	Mean	Median	Lower Quartile	Upper Quartile	10th Percentile	90th Percentile
1	36.2452926377071	37.0	37.0	37.0	37.0	37.0
2	36.3265728318996	37.0	37.0	37.0	37.0	37.0
3	36.28805894553876	37.0	37.0	37.0	37.0	37.0
4	36.309178746741814	37.0	37.0	37.0	37.0	37.0
5	36.46018557355207	37.0	37.0	37.0	37.0	37.0
6	36.50418047700619	37.0	37.0	37.0	37.0	37.0
7	36.52543351935774	37.0	37.0	37.0	37.0	37.0
8	36.51783668750418	37.0	37.0	37.0	37.0	37.0
9	36.52662211385787	37.0	37.0	37.0	37.0	37.0
10-14	36.40614126583408	37.0	37.0	37.0	37.0	37.0
15-19	36.33611766085524	37.0	37.0	37.0	37.0	37.0
20-24	36.32599954962765	37.0	37.0	37.0	37.0	37.0
25-29	36.2412846547493	37.0	37.0	37.0	37.0	37.0
30-34	36.194490377787574	37.0	37.0	37.0	37.0	37.0
35-39	36.14860916241535	37.0	37.0	37.0	37.0	37.0
40-44	36.07531332174069	37.0	37.0	37.0	37.0	37.0
45-49	35.988715093445066	37.0	37.0	37.0	37.0	37.0
50-54	35.944834495356346	37.0	37.0	37.0	37.0	37.0
55-59	35.86819333779869	37.0	37.0	37.0	37.0	37.0
60-64	35.778947006426804	37.0	37.0	37.0	37.0	37.0
65-69	35.71079605830667	37.0	37.0	37.0	37.0	37.0
70-74	35.61936504693297	37.0	37.0	37.0	37.0	37.0
75-79	35.548172761681805	37.0	37.0	37.0	37.0	37.0
80-84	35.4321410888507	37.0	37.0	37.0	37.0	37.0
85-89	35.371836763765316	37.0	37.0	37.0	37.0	37.0
90-94	35.27797720943249	37.0	37.0	37.0	34.6	37.0
95-99	35.159207546111006	37.0	37.0	37.0	27.4	37.0
100-101	35.03415038263664	37.0	37.0	37.0	25.0	37.0
>>END_MODULE
>>Per sequence quality scores	pass
#Quality	Count
15	2.0
16	32.0
17	92.0
18	198.0
19	323.0
20	746.0
21	1866.0
22	4832.0
23	12591.0
24	23482.0
25	38855.0
26	54410.0
27	75557.0
28	99649.0
29	135995.0
30	177019.0
31	233416.0
32	299302.0
33	410199.0
34	582813.0
35	1154146.0
36	8271385.0
37	2322700.0
>>END_MODULE
>>Per base sequence content	fail
#Base	G	A	T	C
1	20.790487821308954	29.938677585830654	25.78313794110077	23.487696651759624
2	29.608236728795433	26.698206687059166	21.33474299197095	22.35881359217445
3	20.05129249651902	12.70106594602575	26.653816442478433	40.593825114976795
4	26.557815509980436	17.514032066552744	35.65306089560039	20.27509152786643
5	47.40682652247077	13.260451192515474	12.613807149984785	26.71891513502897
6	47.40422932729767	6.7645782867289075	20.182422384512947	25.648770001460473
7	47.66611444410335	13.782213272637053	18.43334360462025	20.118328678639347
8	59.49184322320457	12.418558854321647	11.678322151243401	16.411275771230383
9	47.76620457304904	24.788961323941237	7.99101511811921	19.453818984890514
10-14	42.4511192623493	27.257861274682178	17.443344198996957	12.847675263971567
15-19	23.268448218732836	38.71810026716892	22.339014737831825	15.674436776266415
20-24	22.084285632412897	38.60250470096012	24.234295998892748	15.078913667734243
25-29	20.666939740086423	38.07998910123664	25.25112560049209	16.001945558184847
30-34	20.53581195070726	37.395004197112605	24.897437728152976	17.17174612402716
35-39	20.83393869391502	36.955603371747046	24.98974957921654	17.2207083551214
40-44	20.676223054087867	36.94741204088469	25.06116002478992	17.31520488023752
45-49	20.967789210636337	36.9100316552982	24.780683152688987	17.341495981376475
50-54	21.26078312164892	36.92593422424398	24.48068395774478	17.332598696362318
55-59	20.93201523646474	37.11550247778466	24.541787117729996	17.4106951680206
60-64	20.738031717045548	37.513543599642304	24.519386031540694	17.229038651771454
65-69	20.914868929279933	37.2763661274999	24.476865701623808	17.331899241596357
70-74	20.632978282253298	37.34196917446296	24.72601888379203	17.299033659491716
75-79	20.460967977871146	37.758948001144496	24.787827933745366	16.992256087238985
80-84	20.678399027355862	37.91040708997904	24.656198266030103	16.754995616635
85-89	20.756350231753647	37.72468005380764	24.5064486519427	17.012521062496013
90-94	20.695580667371242	37.80507654531314	24.541340368542713	16.9580024187729
95-99	21.075795651820446	37.49629234201535	24.584928641882758	16.842983364281444
100-101	20.859200366053436	37.48986482354541	24.725387978511627	16.92554683188953
>>END_MODULE
>>Per base GC content	fail
#Base	%GC
1	44.27818447306858
2	51.96705032096989
3	60.64511761149581
4	46.832907037846866
5	74.12574165749974
6	73.05299932875815
7	67.7844431227427
8	75.90311899443495
9	67.22002355793956
10-14	55.29879452632087
15-19	38.94288499499925
20-24	37.163199300147134
25-29	36.66888529827127
30-34	37.70755807473442
35-39	38.05464704903642
40-44	37.99142793432539
45-49	38.309285192012815
50-54	38.59338181801124
55-59	38.34271040448534
60-64	37.967070368817005
65-69	38.246768170876294
70-74	37.93201194174502
75-79	37.453224065110135
80-84	37.43339464399086
85-89	37.768871294249664
90-94	37.653583086144145
95-99	37.91877901610189
100-101	37.78474719794296
>>END_MODULE
>>Per sequence GC content	fail
#GC Content	Count
0	966.0
1	861.0
2	669.5
3	1225.5
4	8073.0
5	34885.0
6	85690.0
7	138834.0
8	170140.0
9	173820.5
10	152820.5
11	116906.5
12	81198.0
13	55238.5
14	39743.5
15	31260.5
16	26699.5
17	23746.0
18	21884.0
19	20776.0
20	20121.5
21	20156.5
22	21198.5
23	23306.0
24	26873.5
25	32500.5
26	40864.0
27	53392.5
28	69989.0
29	91737.0
30	121415.5
31	159503.0
32	202006.5
33	244364.5
34	289977.5
35	339332.0
36	389245.0
37	439987.5
38	491518.0
39	539540.0
40	583178.5
41	617902.0
42	633975.0
43	638570.0
44	639356.0
45	635243.0
46	621600.5
47	594313.0
48	547717.5
49	484866.0
50	422606.0
51	375805.5
52	340345.5
53	293291.0
54	235437.5
55	190360.5
56	161942.5
57	141604.5
58	125837.0
59	111887.0
60	97615.0
61	85334.5
62	76418.5
63	69340.0
64	64063.0
65	55847.0
66	44307.0
67	33497.0
68	29178.5
69	30891.0
70	31564.0
71	30403.5
72	25443.5
73	15864.0
74	6965.5
75	2528.5
76	1084.5
77	465.0
78	212.5
79	129.0
80	99.5
81	83.5
82	70.0
83	61.0
84	55.0
85	45.0
86	38.5
87	28.0
88	18.5
89	12.0
90	10.5
91	10.5
92	16.0
93	14.5
94	8.0
95	10.5
96	14.0
97	13.5
98	16.0
99	11.5
100	1.0
>>END_MODULE
>>Per base N content	pass
#Base	N-Count
1	0.039612622224652345
2	0.04272781754308215
3	0.0036044176779060706
4	1.2950003633195465E-4
5	0.0
6	0.0
7	1.5108337572061374E-4
8	1.4388892925772739E-5
9	0.0018849449732762287
10-14	3.2231120153730934E-4
15-19	6.41744624489464E-4
20-24	1.8705560803504558E-5
25-29	3.6979454819235935E-4
30-34	3.913778875810185E-4
35-39	0.0012993170311972782
40-44	6.460612923671958E-4
45-49	0.0014316948461143874
50-54	0.002292150643075597
55-59	0.005344034832631995
60-64	4.000112233364821E-4
65-69	0.005263457032247667
70-74	0.015904043350856607
75-79	0.005729657163042704
80-84	1.0503891835814098E-4
85-89	1.6403337935380922E-4
90-94	0.0
95-99	0.0
100-101	0.0
>>END_MODULE
>>Sequence Length Distribution	pass
#Length	Count
101	1.389961E7
>>END_MODULE
>>Sequence Duplication Levels	fail
#Total Duplicate Percentage	78.29693753262572
#Duplication Level	Relative count
1	100.0
2	40.74482371570023
3	32.83558156781784
4	30.87330380228899
5	29.78292678038123
6	27.584133410835623
7	24.467338798580908
8	20.113848189052135
9	16.796616624240844
10++	77.67533222424886
>>END_MODULE
>>Overrepresented sequences	pass
>>END_MODULE
>>Kmer Content	fail
#Sequence	Count	Obs/Exp Overall	Obs/Exp Max	Max Obs/Exp Position
AAAAA	107098475	14.563999	17.753725	95-97
CTGGG	7043770	9.614107	452.31583	3
CCTGG	3598850	6.708327	320.9289	5
TGGGG	6554425	6.550759	299.8091	4
GGGGG	5942380	5.9814153	175.93445	5
TTTTT	5108325	4.9623713	6.304265	80-84
GCCTG	2616800	4.8777666	320.0413	4
TGCCT	2590490	4.794528	317.7021	3
CAGGG	4645095	4.278737	156.29965	3
GCTTC	2307685	4.271107	235.90732	3
GGGGA	6325195	4.2662687	108.90302	5
TTTTC	2509220	3.3526084	4.24572	90-94
CCAGG	2496700	3.1407557	140.729	5
CTCTG	1597520	2.9567204	77.112946	7
CTTCC	1166485	2.9484236	105.96165	4
CTGCC	1151255	2.9306827	129.07619	2
TGCCA	2337350	2.9194767	139.02403	3
TTGCC	1575570	2.9160948	108.2608	2
GCATC	2311185	2.8867953	167.18733	3
GCTGG	2106640	2.8753724	158.30173	2
CTTCT	1564380	2.8748798	81.370285	4
TCTCT	1531355	2.8141894	76.64083	6
TCTGG	2064710	2.798184	85.95877	2
GGGGC	2028435	2.7883763	47.327656	5
GGGGT	2752700	2.7511601	69.2102	5
TTCTC	1496310	2.7497866	61.565685	5
GTGCC	1458565	2.7187939	144.13164	2
AGGGG	3970920	2.6783383	93.00115	4
GGGCA	2872700	2.646131	57.601097	5
CCCTG	1026775	2.6138015	83.63221	7
TGGGC	1891845	2.5821967	90.395775	4
GCCAG	2003865	2.5207875	140.20142	4
TTCCC	954110	2.4116218	70.449	5
CTTCA	1891225	2.3455136	51.982517	4
TTTGC	1742915	2.3453455	21.023394	1
TCCCT	921590	2.3294234	83.03258	6
TGCTG	1693630	2.2952802	43.35904	1
ATGCC	1810470	2.2613752	122.07904	2
TGCTT	1635235	2.2004466	35.398903	2
CACTG	1698320	2.1212938	50.68517	7
GGCTT	1550080	2.1007352	49.67088	2
GCTGC	1098525	2.0476723	19.933458	1
CTTGC	1105535	2.0461454	32.050186	1
TTGCT	1520190	2.0456367	7.264266	1
CATCT	1641735	2.0360937	59.646248	4
ACTGG	2183405	1.9969573	66.686	2
GGGAA	4342125	1.9624896	33.182762	6
ATGGG	2921995	1.9568936	70.359764	3
TTCTG	1433200	1.928579	19.517244	1
CCCAG	1109205	1.9055766	39.610252	7
TCCTG	1028395	1.9033729	45.872086	1
CATGG	2080380	1.90273	36.224888	5
CATCC	1097690	1.8724391	73.2264	4
TTCAC	1509770	1.8724298	40.64156	5
TCTGC	1009875	1.869096	32.60177	1
GGCTG	1337625	1.8257368	36.34111	1
TCACT	1453430	1.8025563	50.3184	6
CTTGG	1314185	1.7810402	6.591075	6
GGGCT	1292495	1.7641383	19.120157	5
TCCCA	1028170	1.7538519	39.40667	6
CTGCT	930430	1.7220575	9.710189	1
TGCAT	1895515	1.7213737	35.813164	3
GGGAG	2543145	1.7153211	18.82017	6
TTCCA	1381895	1.7138381	17.140537	5
TGGCT	1254890	1.700681	10.917546	1
TTGCA	1865565	1.6941752	14.259062	2
CGCTG	905715	1.6882706	63.306282	1
CTGCA	1329690	1.6608548	10.433288	2
AGCTT	1804950	1.6391289	33.98038	2
CCTGC	637565	1.623012	21.1966	1
CGTGC	863590	1.6097488	37.937084	1
GGCTC	856455	1.596449	6.513421	6
TGTGC	1175755	1.5934339	30.668064	1
GGGTG	1591690	1.5907997	15.410376	6
GCAGG	1717390	1.5819397	46.53051	2
GGGAC	1707790	1.573097	23.632498	6
TTCAA	2577810	1.5686629	5.530195	5
GGGCC	834200	1.5660559	12.318282	5
TCTCA	1260025	1.562694	35.86791	6
ATCTC	1244690	1.5436752	46.217133	5
GGCAT	1685500	1.54157	34.78143	2
CGCTT	831570	1.5390855	51.044456	2
GGGTT	1525170	1.5135218	18.530128	6
CATCA	1794360	1.5018327	36.45072	4
GGCAG	1620900	1.49306	11.953619	6
GGTTT	1510960	1.4888016	5.436234	7
AGCTG	1623960	1.485285	21.742714	1
GTTGC	1094565	1.4834017	18.3665	1
GGGAT	2209090	1.479453	23.342209	6
CAGCT	1183405	1.478137	9.170907	1
CTCAG	1176435	1.469431	36.11828	7
CCATG	1156880	1.4450058	26.579865	7
CATGC	1141900	1.4262949	32.3816	1
TCCAT	1147340	1.4229409	26.403658	6
TGCAG	1530080	1.3994218	15.746132	1
GGTGC	1025020	1.3990593	27.989048	1
ATTGC	1540570	1.3990377	25.513924	1
GCATG	1524260	1.3940988	35.98876	4
ACTGC	1115555	1.3933886	28.345722	1
GTCTG	1025990	1.3904657	22.369225	1
GGGTC	1004415	1.3709353	16.817629	6
CAAGG	2179380	1.3451934	15.464286	5
TCAGG	1464840	1.3397528	36.94828	2
TTCAG	1461235	1.3269912	9.6796255	1
TGCAA	2154790	1.3205967	15.29534	3
CAGCA	1564770	1.319013	6.2795506	1
GGAAG	2902855	1.3119895	9.493315	7
GTGCT	964380	1.3069693	8.85402	1
GGCAA	2108230	1.3012772	13.44013	6
TGGGT	1305485	1.2955146	29.828411	4
TCCAG	1021570	1.2759963	14.818832	1
TCACA	1518380	1.2708447	22.966753	6
GGAGG	1883060	1.2701017	5.3048058	7
GCAAG	2046310	1.2630577	15.377223	4
CACAG	1491520	1.2572674	23.09254	7
TCGCT	678860	1.256447	12.973868	1
ATCCC	728370	1.2424532	48.13509	5
GGAAA	4046295	1.2254436	9.634398	7
AGGGC	1321655	1.2174164	23.935808	4
CCAAG	1434185	1.2089372	5.392634	7
GGTTG	1205500	1.1962932	6.2031794	7
ACCTG	955335	1.1932652	26.505722	1
AGCAG	1929740	1.1911064	8.4416	1
TGGGA	1770700	1.1858582	27.423542	4
GTGCA	1286080	1.1762577	15.395598	2
GAGCT	1282915	1.173363	7.166776	1
TCATG	1277965	1.1605581	10.89663	1
GGCAC	912050	1.1473249	15.218645	6
GATGC	1249725	1.1430072	22.58973	1
GATGG	1689820	1.1316918	18.708086	2
AACTG	1837775	1.126309	9.246563	1
TGGCA	1231025	1.1259041	8.002694	1
TCCAA	1339205	1.1208799	5.418579	6
AATGC	1818760	1.1146555	26.46176	1
ATCAC	1319420	1.1043204	29.596764	5
CAATG	1800070	1.1032009	8.134836	7
TCTCG	588925	1.0899936	10.719949	5
GGATT	1637295	1.0887499	6.058431	7
ATCTG	1196850	1.0868952	13.815504	1
ATGCA	1767670	1.0833442	14.997912	2
ATGCT	1190675	1.0812875	8.546808	1
AAGCT	1748610	1.0716629	8.409483	1
AGTGC	1168185	1.0684301	28.447805	1
GGGCG	774350	1.0644557	13.121906	5
GGTTC	784050	1.0625783	5.602545	7
GGATG	1568705	1.0505798	8.219971	7
CGCAG	829335	1.0432725	14.158852	1
AAGGG	2296815	1.0380806	11.2758045	6
CCGCA	603845	1.0373851	9.245832	1
AGGCT	1114650	1.0194666	10.869581	1
TACTG	1117440	1.0147806	20.410519	1
TTCTA	1119145	1.0091316	9.704062	5
ACAGG	1607745	0.9923593	24.542511	2
TCAAT	1630120	0.99196947	8.107036	6
GACTG	1076145	0.9842497	13.888737	1
AGGGA	2166055	0.97898155	7.722148	4
CGGCT	523815	0.97640145	18.218052	1
ATCCA	1164740	0.97485715	12.171954	5
ACCAG	1144570	0.96480805	10.334173	1
CTCGG	517035	0.96376336	20.824867	6
AGGCA	1540515	0.9508625	7.23035	1
GGATC	1036130	0.9476517	6.7781463	7
CGCAT	753535	0.94120604	35.57899	2
AAGCA	2249140	0.9302487	5.450629	1
CCGCT	363890	0.9263335	11.470011	1
GGAAC	1500140	0.9259416	5.802264	7
AGCAT	1504380	0.9219827	23.312803	2
GGACG	994915	0.91644627	5.5014877	7
GGGTA	1363330	0.91303784	15.404813	6
GCGCT	486705	0.9072277	12.35527	1
GGACA	1453910	0.89740676	6.1716595	7
TTGGG	889555	0.8827612	6.9433837	7
TATGC	969250	0.8802049	26.194935	1
ATCAG	1401120	0.85869825	6.7064657	1
TATGG	1289130	0.8572312	16.849836	2
CGATG	933390	0.85368496	8.460383	1
TCGCA	681435	0.85114926	9.430387	1
AATGG	1892815	0.8494282	6.988607	2
ACATG	1372690	0.84127444	6.7463264	1
CGGGG	608485	0.8364504	33.82045	8
GGAAT	1862480	0.8358149	5.1056695	7
GTCAG	903020	0.82590836	7.5694194	1
GGACT	895935	0.8194284	5.4518814	7
CACGG	643275	0.80921596	22.935648	6
CTATG	880530	0.7996355	15.032168	7
CGGCA	621200	0.78144646	13.361428	1
TCTAT	859655	0.77514976	14.935772	6
ACTCG	618605	0.77267116	6.6857114	5
AGGGT	1150595	0.7705667	7.527865	4
CGGGC	406235	0.76263094	13.970112	8
TCACG	604635	0.7552219	10.055523	5
TCGGG	552000	0.7534299	17.201563	7
GCGCA	576080	0.72468716	7.977291	1
ACGCT	561370	0.70118153	12.051858	1
TAGCA	1133260	0.6945361	6.2569885	1
TAGCT	753635	0.6843984	7.984368	1
ACGGG	702670	0.64725053	23.132603	7
TACAG	1055480	0.6468674	7.8127575	1
ACACG	732290	0.61727923	8.578727	5
ACGCA	690360	0.5819346	7.9161286	1
ATCTA	872840	0.5311453	6.615929	5
TAGGG	550360	0.3685824	7.372899	7
CTAGG	394220	0.36055633	6.0613422	6
>>END_MODULE
