##FastQC	0.10.1
>>Basic Statistics	pass
#Measure	Value	
Filename	Acer-069_S43_L001_R1_001.fastq.gz	
File type	Conventional base calls	
Encoding	Sanger / Illumina 1.9	
Total Sequences	12205253	
Filtered Sequences	0	
Sequence length	101	
%GC	40	
>>END_MODULE
>>Per base sequence quality	pass
#Base	Mean	Median	Lower Quartile	Upper Quartile	10th Percentile	90th Percentile
1	36.22340864216416	37.0	37.0	37.0	37.0	37.0
2	36.30495008993259	37.0	37.0	37.0	37.0	37.0
3	36.26844384135257	37.0	37.0	37.0	37.0	37.0
4	36.288920270640844	37.0	37.0	37.0	37.0	37.0
5	36.44358531527368	37.0	37.0	37.0	37.0	37.0
6	36.48755572702999	37.0	37.0	37.0	37.0	37.0
7	36.51070920037463	37.0	37.0	37.0	37.0	37.0
8	36.496204789855646	37.0	37.0	37.0	37.0	37.0
9	36.51249203928833	37.0	37.0	37.0	37.0	37.0
10-14	36.396838476023404	37.0	37.0	37.0	37.0	37.0
15-19	36.32394917172139	37.0	37.0	37.0	37.0	37.0
20-24	36.31653084126974	37.0	37.0	37.0	37.0	37.0
25-29	36.22468383080629	37.0	37.0	37.0	37.0	37.0
30-34	36.17463574085683	37.0	37.0	37.0	37.0	37.0
35-39	36.12225565500363	37.0	37.0	37.0	37.0	37.0
40-44	36.04781726359953	37.0	37.0	37.0	37.0	37.0
45-49	35.95772402259912	37.0	37.0	37.0	37.0	37.0
50-54	35.9125658599621	37.0	37.0	37.0	37.0	37.0
55-59	35.83102295380522	37.0	37.0	37.0	37.0	37.0
60-64	35.728286648380006	37.0	37.0	37.0	37.0	37.0
65-69	35.657536603296954	37.0	37.0	37.0	37.0	37.0
70-74	35.55692944668988	37.0	37.0	37.0	37.0	37.0
75-79	35.46720694769703	37.0	37.0	37.0	37.0	37.0
80-84	35.34351781155213	37.0	37.0	37.0	37.0	37.0
85-89	35.28530287737583	37.0	37.0	37.0	37.0	37.0
90-94	35.1831043731744	37.0	37.0	37.0	29.8	37.0
95-99	35.04048270035861	37.0	37.0	37.0	25.0	37.0
100-101	34.91516054603702	37.0	37.0	37.0	25.0	37.0
>>END_MODULE
>>Per sequence quality scores	pass
#Quality	Count
15	9.0
16	38.0
17	97.0
18	179.0
19	286.0
20	666.0
21	1719.0
22	4198.0
23	10225.0
24	20572.0
25	35221.0
26	51089.0
27	70888.0
28	92636.0
29	125688.0
30	162411.0
31	217554.0
32	280897.0
33	386810.0
34	550620.0
35	1054578.0
36	7094873.0
37	2043999.0
>>END_MODULE
>>Per base sequence content	fail
#Base	G	A	T	C
1	21.048048077338414	29.85083655116356	25.754868096076976	23.34624727542105
2	29.757125954256352	26.589152656016076	21.156431442928636	22.49728994679894
3	19.803600238955145	12.330213331622533	27.1691935001644	40.69699292925792
4	27.06673748871284	17.249838368589096	35.65534439759844	20.028079745099625
5	47.25440758991231	13.083309293137962	12.398890871004477	27.26339224594525
6	47.25034376591784	6.7131258975131445	19.960823425782326	26.07570691078669
7	47.50763135529446	13.830882595725097	18.76702599056454	19.89446005841591
8	59.58596836722162	12.196078556680236	11.620670480271155	16.597282595826993
9	48.357268337814126	24.026234350044945	8.111286894205497	19.505210417935437
10-14	42.00514822582715	27.104906899464215	17.752743450373146	13.137201424335487
15-19	22.957714758319415	38.734580762606974	22.592918695901435	15.71478578317218
20-24	21.65737987083624	38.722173839582574	24.522178168867033	15.09826812071415
25-29	20.271689049334125	38.24718687595774	25.436106224533916	16.045017850174226
30-34	20.28331642880127	37.69105716689044	24.839787657206863	17.18583874710142
35-39	20.26220332344533	37.43313652041592	24.997495307942426	17.307164848196326
40-44	20.082681966273228	37.38681994982358	24.994982866532222	17.535515217370964
45-49	20.30092370500923	37.315160473661514	24.919081691101425	17.46483413022783
50-54	20.528850621599474	37.17097512332137	24.779338049626194	17.520836205452962
55-59	20.14406321872571	37.25930605890913	24.889513666763833	17.707117055601326
60-64	20.080611765995975	37.758722791284036	24.864576339567876	17.296089103152113
65-69	20.303369538876677	37.68918829187677	24.66818449704954	17.33925767219701
70-74	20.13070762116407	37.84296778887162	24.757276883313295	17.269047706651016
75-79	20.009132991178827	38.17273873254167	24.850116491030455	16.968011785249047
80-84	20.061316256960325	38.24152499671043	24.854956630943775	16.842202115385465
85-89	20.21812047819082	38.12405304988603	24.71001053285621	16.947815939066942
90-94	20.10420595132276	38.296467922459286	24.743811537540434	16.855514588677515
95-99	20.3878608661369	37.95347953868715	24.78640467346314	16.872254921712805
100-101	20.160049119833896	38.05386910046027	24.773296383122904	17.01278539658293
>>END_MODULE
>>Per base GC content	fail
#Base	%GC
1	44.394295352759464
2	52.254415901055296
3	60.500593168213065
4	47.09481723381246
5	74.51779983585756
6	73.32605067670454
7	67.40209141371037
8	76.18325096304861
9	67.86247875574955
10-14	55.142349650162636
15-19	38.672500541491594
20-24	36.75564799155039
25-29	36.31670689950835
30-34	37.4691551759027
35-39	37.569368171641656
40-44	37.61819718364419
45-49	37.76575783523706
50-54	38.04968682705244
55-59	37.851180274327035
60-64	37.37670086914809
65-69	37.64262721107369
70-74	37.39975532781508
75-79	36.97714477642788
80-84	36.90351837234579
85-89	37.16593641725776
90-94	36.959720540000276
95-99	37.260115787849706
100-101	37.17283451641683
>>END_MODULE
>>Per sequence GC content	fail
#GC Content	Count
0	809.0
1	758.0
2	702.5
3	1535.0
4	10058.5
5	43197.5
6	103553.0
7	163883.0
8	196574.5
9	195566.0
10	167801.5
11	125515.0
12	85342.0
13	57066.0
14	40939.5
15	32621.0
16	27906.0
17	25043.5
18	22954.5
19	21816.5
20	21706.0
21	22196.0
22	23530.5
23	26401.5
24	31028.5
25	37783.0
26	47617.5
27	61853.0
28	81657.5
29	108911.5
30	143741.5
31	185548.5
32	229854.5
33	270786.0
34	307896.0
35	342514.0
36	372581.5
37	398798.5
38	421677.0
39	438975.0
40	451692.0
41	454778.5
42	446315.0
43	431016.5
44	414602.5
45	397207.0
46	377256.0
47	358287.5
48	334591.5
49	304794.0
50	280667.0
51	268601.5
52	259738.5
53	243357.0
54	225391.0
55	215824.0
56	213536.5
57	211401.0
58	209549.0
59	199386.0
60	176782.5
61	151880.5
62	130247.5
63	111201.5
64	92290.0
65	74766.5
66	58850.5
67	45982.0
68	37526.5
69	32707.5
70	29299.5
71	25389.0
72	19582.0
73	12045.0
74	5478.0
75	2246.0
76	1063.0
77	574.5
78	327.5
79	168.0
80	112.5
81	76.0
82	60.0
83	44.5
84	36.0
85	32.5
86	25.0
87	20.5
88	17.5
89	17.5
90	14.0
91	12.0
92	13.0
93	14.0
94	11.5
95	11.0
96	12.5
97	10.5
98	9.5
99	5.5
100	2.0
>>END_MODULE
>>Per base N content	pass
#Base	N-Count
1	0.038868510140674675
2	0.043489471295679
3	0.003703323478833253
4	1.1470470952138394E-4
5	0.0
6	0.0
7	1.3109109659586735E-4
8	1.638638707448342E-5
9	0.0015239339979269582
10-14	3.1625727053753006E-4
15-19	6.341531797825084E-4
20-24	2.294094190427679E-5
25-29	4.096596768620856E-4
30-34	3.6705507046842865E-4
35-39	0.0013092723272512252
40-44	6.259599862452667E-4
45-49	0.0013600701271821239
50-54	0.0022252713647148486
55-59	0.005461582811925324
60-64	3.0478679958539164E-4
65-69	0.00523872794771235
70-74	0.01627168236496204
75-79	0.005802419663074579
80-84	5.735235476069197E-5
85-89	1.360070127182124E-4
90-94	0.0
95-99	0.0
100-101	0.0
>>END_MODULE
>>Sequence Length Distribution	pass
#Length	Count
101	1.2205253E7
>>END_MODULE
>>Sequence Duplication Levels	fail
#Total Duplicate Percentage	78.74374704252011
#Duplication Level	Relative count
1	100.0
2	38.576056925920774
3	27.77921329331558
4	25.461628669674624
5	24.173639959452206
6	23.37262228936018
7	21.824253145435392
8	19.528532527677843
9	17.449464331855857
10++	99.36196855558427
>>END_MODULE
>>Overrepresented sequences	pass
>>END_MODULE
>>Kmer Content	fail
#Sequence	Count	Obs/Exp Overall	Obs/Exp Max	Max Obs/Exp Position
AAAAA	117145300	17.485832	21.550331	95-97
CTGGG	6315830	10.346176	481.87936	3
CCTGG	3302285	7.202275	337.92303	5
TGGGG	5697815	7.0105486	321.73184	4
GGGGG	5225945	6.658513	200.29153	5
GCCTG	2461280	5.3680453	337.216	4
TTTTT	4868435	5.2090435	6.370965	35-39
TGCCT	2384065	5.0211644	325.86435	3
GCTTC	2223475	4.68294	233.46869	3
CAGGG	3970910	4.3869023	162.44534	3
GGGGA	5212415	4.3251505	109.67908	5
CTGCC	1184510	3.4395337	133.56639	2
GGGGC	2015795	3.4195151	52.73207	5
TTTTC	2249050	3.3177392	4.2520423	90-94
CCAGG	2249915	3.3093278	146.96724	5
GCTGG	1985015	3.2517207	169.58835	2
CTTCT	1547225	3.1468139	77.86707	4
TTCTT	2094510	3.0897658	3.7155411	95-97
TGCCA	2175230	3.0896559	141.35448	3
TTTTG	2772020	3.071381	3.8732638	95-97
CTTCC	1082175	3.0345173	103.95954	4
CTTTT	2054780	3.0311568	3.7474446	30-34
GCATC	2117075	3.0070536	165.12137	3
GGGGT	2397320	2.9496443	74.23124	5
TTGCC	1391615	2.9309306	111.53604	2
CTCTG	1385475	2.9179986	76.914185	7
CCCTG	1003110	2.912792	86.48495	7
GTGCC	1327040	2.8942711	149.95387	2
TGGGC	1754645	2.8743436	98.870766	4
GGGCA	2579265	2.8494692	62.33013	5
TCTCT	1385935	2.8187754	74.59471	6
AGGGG	3312440	2.748592	97.5119	4
TCTGG	1728780	2.734767	88.067505	2
GCCAG	1829355	2.6907399	146.44592	4
TTCTC	1311430	2.667244	59.417553	5
TGCTG	1663675	2.6317768	45.501114	1
GCTGC	1160910	2.531942	21.56241	1
ATGCC	1721825	2.445648	124.55591	2
TTTGC	1599230	2.442996	21.52293	1
GGCTT	1520935	2.405976	50.45784	2
CTTCA	1746180	2.3951085	49.467133	4
TTCCC	848220	2.3784864	69.57614	5
TGCTT	1554365	2.37446	35.335205	2
TCCCT	832010	2.3330321	83.48376	6
TCTGC	1026760	2.1624959	33.77118	1
GGGCT	1315300	2.1546376	21.888437	5
GGCTG	1302120	2.133047	39.35905	1
CTTGC	1011900	2.131199	32.36967	1
TTGCT	1383315	2.113163	7.2922025	1
CTTGG	1331040	2.1055796	6.3714685	6
CACTG	1475155	2.0952826	50.847412	7
TTCTG	1350655	2.0632713	19.327488	1
TCCTG	963940	2.0301886	45.855247	1
CATCC	1065835	2.015583	70.87534	4
CCTGC	689565	2.002332	21.136726	1
CATGG	1842350	1.9654924	37.44346	5
ATGGG	2445585	1.9596397	71.98731	3
CCGTC	673765	1.9564526	5.3704147	50-54
ACTGG	1828135	1.9503273	68.22954	2
GGGCC	856465	1.9343432	13.684986	8
GGGAA	3499115	1.8909074	32.71971	6
CGCTG	863805	1.8839564	66.173485	1
CTGCT	894160	1.8832223	9.438471	1
TGCAT	1806830	1.8614345	36.171127	3
CCCAG	933570	1.8282111	39.03568	7
CATCT	1322975	1.8146291	57.062214	4
AGCTT	1728730	1.7809741	33.302685	2
TTGCA	1723060	1.7751328	13.944182	2
TGGCT	1121090	1.7734588	10.869869	1
TGTGC	1120590	1.7726679	31.351168	1
CGTGC	810230	1.7671096	39.983986	1
TCACT	1267345	1.7383254	49.06951	6
CTGCA	1222615	1.7365794	10.399184	2
TTCAC	1253735	1.7196575	39.09944	5
GGCAT	1606625	1.7140114	35.621536	2
GCAGG	1531465	1.6919014	49.346706	2
GGGTG	1374505	1.6911806	16.593895	6
GGTGC	1028355	1.6845831	30.593067	1
GGCTC	772090	1.6839265	6.6996565	6
CGCTT	795955	1.6763895	50.475803	2
AGCTG	1522350	1.6241037	22.141619	1
TGCAG	1517095	1.6184974	16.309507	1
GCATG	1513390	1.6145447	37.23599	4
GTGCT	1018040	1.6104435	9.135389	1
GGGAC	1456075	1.6086135	23.169847	6
TTCCA	1171990	1.6075338	16.486835	5
GGGAG	1931310	1.6025598	17.811192	6
GTTGC	1009105	1.5963091	19.662815	1
CATGC	1110910	1.5779158	33.091663	1
CAGCT	1105615	1.5703949	8.998175	1
GGCAG	1405815	1.5530882	12.218484	6
TCCCA	820905	1.5523999	37.799435	6
CCATG	1092125	1.5512339	25.854582	7
GGGTT	1304930	1.5504655	18.819023	6
GGGAT	1918410	1.537216	23.680271	6
ATCTC	1089175	1.4939425	44.600597	5
TTCAA	2195685	1.4731613	5.0518684	5
TCTCA	1069235	1.4665921	34.127007	6
TGGGT	1225575	1.456179	32.02404	4
CAAGG	2021365	1.4543284	15.669446	5
GTCTG	918300	1.452664	23.282265	1
CTCAG	1011820	1.4371701	35.31455	7
CATCA	1549660	1.4334785	34.922745	4
GGGTC	874495	1.43254	16.921074	6
GGTTT	1244660	1.4280943	5.42983	7
GAGCT	1319895	1.4081166	7.2519493	1
ATTGC	1353620	1.3945279	25.662443	1
ACTGC	966840	1.3732814	28.934525	1
TCAGG	1271165	1.3561295	36.679016	2
GGGCG	799345	1.3559774	14.571288	5
TCCAT	982135	1.3471235	24.989756	6
AGGGC	1217145	1.3446534	25.854935	4
GGAGC	1204220	1.3303742	5.3422675	8
TTCAG	1286860	1.3257504	9.372709	1
GTGCA	1231225	1.3135198	16.252497	2
TCCAG	918620	1.3047906	14.689941	1
GATGC	1221415	1.3030542	23.889233	1
GCAAG	1801305	1.2960002	15.587234	4
GGCAA	1798215	1.2937769	14.0227585	6
TCGCT	609245	1.2831527	12.77613	1
TGCAA	1842780	1.2803317	15.086154	3
GGTTG	1073335	1.2752936	6.437617	7
TGGGA	1589345	1.2735373	28.711111	4
CAGCA	1321650	1.2660183	6.343162	1
GGCAC	855630	1.2585187	15.901644	6
TGGCA	1164255	1.2420737	8.064914	1
ACCTG	870255	1.2360939	27.17515	1
ATCCC	646320	1.2222451	47.469776	5
CGGCT	560055	1.2214785	18.54543	1
CCAAG	1267865	1.2144972	5.237462	7
TCATG	1164965	1.2001716	10.672308	1
CGCAG	808185	1.1887336	14.54315	1
AGTGC	1088705	1.1614739	29.39305	1
GGAAG	2142275	1.1576766	8.615043	7
CACAG	1197460	1.1470557	22.505663	7
ATGCA	1624340	1.1285634	15.073601	2
GGAAA	3196845	1.1250801	9.751597	7
ATGCT	1088060	1.1209424	8.600151	1
GCGCT	512845	1.1185136	12.5876875	1
GATGG	1380995	1.106587	19.471027	2
GGTTC	692825	1.095984	5.378732	7
GGATG	1360910	1.090493	8.246281	7
CGGGG	639775	1.085289	34.586777	8
TTCTA	1076405	1.0708715	8.999586	5
TCACA	1157635	1.0708445	21.78386	6
CCGCT	368520	1.0700941	10.994705	1
CTCGG	490035	1.068765	20.970537	6
GGATT	1380780	1.0684376	5.863971	7
AGCAT	1526865	1.0608395	23.088406	2
AATGC	1517030	1.0540062	26.600073	1
AGCAG	1461770	1.051712	8.56235	1
TCTCG	498845	1.0506353	10.485758	5
CCGCA	534400	1.0465161	8.7522	1
GACTG	974920	1.0400835	14.227905	1
AAGCT	1495380	1.0389643	8.214833	1
TTGGG	871060	1.0349585	6.80986	7
CGGGC	456130	1.0301785	15.16696	8
AGGCT	951760	1.0153755	11.127251	1
ATCAC	1093535	1.0115503	28.60414	5
TCCAA	1091860	1.0100008	5.124981	6
GGACG	914155	1.0099219	5.0095515	7
ACAGG	1403385	1.0097052	24.403713	2
CAATG	1448335	1.0062782	7.6693687	7
CGGCA	677185	0.9960498	13.876354	1
ATCTG	964815	0.9939728	13.761042	1
TACTG	951060	0.97980213	20.432047	1
AACTG	1400770	0.9732308	9.031257	1
CGCAT	684345	0.97203094	34.822456	2
GGATC	904040	0.9644659	6.720386	7
AAGGG	1784710	0.96444994	11.690535	6
GGGTA	1195195	0.95770603	16.681814	6
TATGC	898985	0.92615336	26.623514	1
TCAAT	1348990	0.90508413	7.448423	6
TCGCA	632635	0.8985829	9.30772	1
GGACT	835490	0.89133394	5.7994304	7
ACCAG	928895	0.88979536	10.206341	1
GGAAC	1231760	0.88622475	5.581468	7
CGATG	830650	0.8861705	8.355924	1
CACGG	597060	0.8781964	22.853085	6
ATCCA	943350	0.87262493	11.3435	5
ACATG	1243540	0.86399007	6.6403227	1
AGGGA	1589335	0.85887015	7.9499097	4
AGGCA	1189770	0.8560139	7.3621054	1
AAGCA	1802995	0.844816	5.33041	1
GCGCA	572255	0.84171164	8.115779	1
GTCAG	788330	0.84102184	7.5698857	1
GGACA	1158305	0.83337545	5.734997	7
TCGGG	497335	0.8147014	17.764784	7
TCTAT	799685	0.79557407	13.948549	6
AATGG	1511820	0.7889389	6.8574266	2
ATCAG	1123060	0.78028274	6.4943047	1
TATGG	1007885	0.7798942	16.363897	2
CTATG	737270	0.7595511	14.446342	7
TCACG	507775	0.7212341	9.507343	5
AGGGT	895190	0.71731305	8.028807	4
ACGCT	497650	0.70685273	12.103966	1
TAGCA	1003545	0.6972457	6.182369	1
TAGCT	673130	0.69347274	7.8800964	1
ACTCG	468320	0.66519296	6.568071	5
ACGGG	600375	0.6632703	23.646154	7
TACAG	924410	0.6422642	7.5788245	1
ACACG	630865	0.6043102	8.459983	5
ACGCA	597550	0.57239753	7.804	1
GGTAG	634010	0.50803024	5.329771	7
ATCTA	725285	0.48661888	6.1106586	5
CTAGG	361495	0.38565728	5.9939694	6
TAGGG	440850	0.35325173	7.398725	7
>>END_MODULE
