##FastQC	0.10.1
>>Basic Statistics	pass
#Measure	Value	
Filename	Acer-143_S66_L001_R1_001.fastq.gz	
File type	Conventional base calls	
Encoding	Sanger / Illumina 1.9	
Total Sequences	8023742	
Filtered Sequences	0	
Sequence length	101	
%GC	40	
>>END_MODULE
>>Per base sequence quality	pass
#Base	Mean	Median	Lower Quartile	Upper Quartile	10th Percentile	90th Percentile
1	36.23487121096366	37.0	37.0	37.0	37.0	37.0
2	36.33114599148377	37.0	37.0	37.0	37.0	37.0
3	36.30079917823878	37.0	37.0	37.0	37.0	37.0
4	36.32327098752677	37.0	37.0	37.0	37.0	37.0
5	36.46884907316312	37.0	37.0	37.0	37.0	37.0
6	36.512575304639654	37.0	37.0	37.0	37.0	37.0
7	36.53637554647196	37.0	37.0	37.0	37.0	37.0
8	36.52980467218413	37.0	37.0	37.0	37.0	37.0
9	36.535474096749375	37.0	37.0	37.0	37.0	37.0
10-14	36.41753780218756	37.0	37.0	37.0	37.0	37.0
15-19	36.34379769439247	37.0	37.0	37.0	37.0	37.0
20-24	36.32540226243566	37.0	37.0	37.0	37.0	37.0
25-29	36.24007883104915	37.0	37.0	37.0	37.0	37.0
30-34	36.197105265847284	37.0	37.0	37.0	37.0	37.0
35-39	36.164656814738066	37.0	37.0	37.0	37.0	37.0
40-44	36.11471911733952	37.0	37.0	37.0	37.0	37.0
45-49	36.056887073387955	37.0	37.0	37.0	37.0	37.0
50-54	36.025878848048706	37.0	37.0	37.0	37.0	37.0
55-59	35.95772752912544	37.0	37.0	37.0	37.0	37.0
60-64	35.87836902033989	37.0	37.0	37.0	37.0	37.0
65-69	35.81076966333164	37.0	37.0	37.0	37.0	37.0
70-74	35.72468456737518	37.0	37.0	37.0	37.0	37.0
75-79	35.65720660011252	37.0	37.0	37.0	37.0	37.0
80-84	35.54671077410016	37.0	37.0	37.0	37.0	37.0
85-89	35.50539977481829	37.0	37.0	37.0	37.0	37.0
90-94	35.422448877344266	37.0	37.0	37.0	37.0	37.0
95-99	35.317747604546604	37.0	37.0	37.0	37.0	37.0
100-101	35.193154017165554	37.0	37.0	37.0	31.0	37.0
>>END_MODULE
>>Per sequence quality scores	pass
#Quality	Count
15	15.0
16	25.0
17	92.0
18	150.0
19	249.0
20	425.0
21	867.0
22	1939.0
23	4506.0
24	8614.0
25	15027.0
26	23424.0
27	35073.0
28	50292.0
29	71869.0
30	96714.0
31	130813.0
32	169135.0
33	233635.0
34	333048.0
35	668127.0
36	4837028.0
37	1342675.0
>>END_MODULE
>>Per base sequence content	fail
#Base	G	A	T	C
1	21.02742342581367	29.699842455440923	25.844626354077782	23.428107764667626
2	29.444070947934144	26.858932030506576	21.411170948133638	22.285826073425646
3	20.201848357233903	13.604498514292295	26.086886076050337	40.106767052423464
4	26.01219357015316	17.964135663968047	35.605803131383794	20.417867634495
5	47.63292488716611	13.35517767146551	12.848805457603198	26.16309198376518
6	47.6388697443163	7.048182755626987	20.33389159322421	24.9790559068325
7	47.865289668714134	13.826815068044995	18.044838220604245	20.26305704263663
8	57.30905854151342	13.21096814927499	12.739704242733627	16.74026906647796
9	46.69466159562371	24.243992344579663	9.588132303770031	19.4732137560266
10-14	41.657538318746504	26.21400380382034	18.616019486615365	13.512438390817788
15-19	22.696166650547728	37.55849429838249	23.607398493062043	16.137940558007738
20-24	21.525795240767902	37.69855797168298	25.375461452526167	15.400185335022954
25-29	20.291481701265344	37.01132286995795	26.373784449129616	16.32341097964709
30-34	20.196167095059486	36.38083606853916	26.021205201493686	17.40179163490767
35-39	20.22319850978318	36.16655278233023	26.17967376343932	17.43057494444727
40-44	20.196669128294022	36.2649007824256	26.071911507441953	17.466518581838425
45-49	20.44890688417346	36.16646315120502	25.837383784562025	17.547246180059485
50-54	20.647724082122963	36.13195611563069	25.65494132877502	17.56537847347132
55-59	20.33421545544445	36.40698169285235	25.62203991936787	17.636762932335326
60-64	20.158965841143434	36.83194878699024	25.643086456052906	17.36599891581342
65-69	20.471875781549574	36.59148277632683	25.53346908589027	17.40317235623333
70-74	20.163333899244396	36.66095271002842	25.718950117806727	17.45676327292046
75-79	20.091556572662466	36.86945829808902	25.887582781295997	17.151402347952516
80-84	20.08442950820285	37.03497186783961	25.921818205611224	16.95878041834632
85-89	20.212136786381336	37.013061483659854	25.66512531343595	17.109676416522863
90-94	20.148828314768842	37.12949892955182	25.56779368030527	17.15387907537406
95-99	20.46168234222885	36.864198774088194	25.648172635660522	17.025946248022432
100-101	20.354218767253485	36.91834807250782	25.748852592717963	16.97858056752074
>>END_MODULE
>>Per base GC content	fail
#Base	%GC
1	44.455531190481295
2	51.7298970213598
3	60.30861540965737
4	46.43006120464816
5	73.7960168709313
6	72.61792565114881
7	68.12834671135076
8	74.04932760799139
9	66.16787535165031
10-14	55.169976709564295
15-19	38.834107208555466
20-24	36.92598057579086
25-29	36.61489268091243
30-34	37.597958729967154
35-39	37.653773454230446
40-44	37.66318771013245
45-49	37.99615306423295
50-54	38.21310255559428
55-59	37.97097838777977
60-64	37.524964756956855
65-69	37.875048137782905
70-74	37.620097172164854
75-79	37.24295892061498
80-84	37.04320992654917
85-89	37.321813202904195
90-94	37.302707390142906
95-99	37.48762859025128
100-101	37.33279933477422
>>END_MODULE
>>Per sequence GC content	fail
#GC Content	Count
0	526.0
1	488.5
2	412.0
3	748.5
4	5060.0
5	21500.0
6	50927.5
7	78553.5
8	91328.0
9	89316.5
10	76026.0
11	56238.5
12	38406.5
13	26866.0
14	20338.0
15	16681.0
16	14481.5
17	13084.5
18	12128.5
19	11566.0
20	11258.0
21	11425.0
22	12395.0
23	13808.0
24	16123.0
25	20489.5
26	26926.0
27	35632.5
28	47501.0
29	63388.0
30	84246.5
31	110668.0
32	138184.0
33	165074.0
34	193664.5
35	222622.5
36	249516.5
37	277218.5
38	305498.0
39	329481.5
40	349710.0
41	364380.5
42	369105.0
43	366148.5
44	362600.0
45	356736.5
46	345366.5
47	328990.0
48	304539.5
49	271201.0
50	232820.0
51	201431.0
52	179146.5
53	153158.0
54	122592.0
55	98241.5
56	82779.0
57	72490.0
58	65646.5
59	58746.0
60	52052.0
61	46088.0
62	41104.5
63	37903.5
64	35374.0
65	31339.0
66	25917.5
67	19473.0
68	15639.0
69	15804.5
70	15453.0
71	14310.5
72	11401.0
73	7068.0
74	3838.0
75	2350.5
76	1467.5
77	809.5
78	363.5
79	129.0
80	91.5
81	72.0
82	56.5
83	44.5
84	32.5
85	29.0
86	27.5
87	20.0
88	14.5
89	11.5
90	11.0
91	11.5
92	9.0
93	9.0
94	8.5
95	9.5
96	10.0
97	7.5
98	11.0
99	7.5
100	0.5
>>END_MODULE
>>Per base N content	pass
#Base	N-Count
1	0.03930834266605282
2	0.042847838327802666
3	0.00365166277779121
4	6.231506446742679E-5
5	0.0
6	0.0
7	8.724109025439752E-5
8	0.0
9	0.0018195998824488625
10-14	2.3928984755491886E-4
15-19	6.730026962482094E-4
20-24	2.7418628365667788E-5
25-29	4.262350409571993E-4
30-34	3.9133860485544023E-4
35-39	0.0012986459435011743
40-44	6.555544781973299E-4
45-49	0.0013609610079686012
50-54	0.0022882091672439117
55-59	0.005466277455082678
60-64	3.8386079711934907E-4
65-69	0.005217017197212971
70-74	0.015952656503661258
75-79	0.0057604045593689325
80-84	8.724109025439752E-5
85-89	1.670043727727038E-4
90-94	0.0
95-99	0.0
100-101	0.0
>>END_MODULE
>>Sequence Length Distribution	pass
#Length	Count
101	8023742.0
>>END_MODULE
>>Sequence Duplication Levels	fail
#Total Duplicate Percentage	80.7907134480941
#Duplication Level	Relative count
1	100.0
2	36.48990704698701
3	25.129219577563653
4	23.772148129240847
5	23.95294918426818
6	24.56341862888988
7	24.138004381766745
8	22.77667879097271
9	21.38132006040882
10++	123.2106013230383
>>END_MODULE
>>Overrepresented sequences	pass
>>END_MODULE
>>Kmer Content	fail
#Sequence	Count	Obs/Exp Overall	Obs/Exp Max	Max Obs/Exp Position
AAAAA	55756475	14.57265	18.222832	95-97
CTGGG	3982685	9.523779	448.1515	3
TGGGG	3595475	6.5101433	297.08115	4
CCTGG	2041010	6.4458103	303.88376	5
GGGGG	3299500	6.415843	182.5803	5
GCCTG	1492220	4.7126513	303.29514	4
TTTTT	3399505	4.627696	5.671825	50-54
CAGGG	2623560	4.510069	167.09215	3
GGGGA	3357655	4.370481	109.29299	5
TGCCT	1482295	4.35909	282.4142	3
GCTTC	1354810	3.9841855	220.33435	3
CCAGG	1408610	3.1980264	143.3689	5
TTTTC	1636010	3.1586785	3.9850354	75-79
GGGGT	1670475	3.0246441	80.05631	5
AGGGG	2215835	2.8842344	98.80295	4
GGGGC	1117595	2.8700476	48.675785	5
GCTGG	1189735	2.8450086	156.03699	2
TGCCA	1344120	2.8415678	132.91982	3
GCATC	1317630	2.7855659	163.72217	3
CTTCC	714515	2.7750552	94.238785	4
CTGCC	655295	2.7331808	119.83839	2
GGGCA	1582560	2.7205226	60.079437	5
CTCTG	915050	2.6909523	68.178734	7
TTGCC	908460	2.6715724	97.18701	2
GTGCC	843515	2.663945	136.38982	2
TGGGC	1113570	2.6628757	95.67579	4
TCTGG	1189110	2.6477935	80.07924	2
CTTCT	953665	2.611474	71.31426	4
GCCAG	1144015	2.5973053	142.87834	4
TTCTC	941320	2.577669	52.359184	5
CCCTG	599870	2.5020077	77.150375	7
TCTCT	906455	2.482196	63.69711	6
TTCCC	586215	2.2767594	61.022182	5
CTTCA	1131240	2.2269142	49.19124	4
ATGCC	1048395	2.2163835	115.549904	2
TCCCT	564820	2.193665	71.83819	6
TTTGC	1043870	2.1643982	18.846916	1
TGCTG	966935	2.153076	39.451183	1
CACTG	988460	2.0896764	48.645554	7
ATGGG	1723750	2.0892775	77.04112	3
GGGAA	2360570	2.0568259	32.604813	6
TGCTT	991740	2.05631	31.99307	2
GGCTT	921395	2.0516717	47.407745	2
ACTGG	1249940	2.0008295	66.52879	2
GGGCT	822060	1.9657887	28.439125	5
CCGTC	461810	1.9261711	5.1081944	50-54
GCTGC	607830	1.9196169	19.36359	1
CTTGC	650340	1.9125009	28.463573	1
TTGCT	921935	1.9115738	6.367514	1
CATGG	1187775	1.9013194	35.705193	5
CATCT	964275	1.8982334	54.40278	4
CCCAG	615520	1.8455784	39.088608	7
CATCC	659905	1.8424703	68.42917	4
GGCTG	768475	1.8376511	36.243572	1
TTCTG	855250	1.7733066	17.037403	1
TCCTG	599865	1.7640654	40.846176	1
TTCAC	895960	1.7637511	37.059734	5
TCACT	868790	1.7102654	45.22566	6
TCTGC	580895	1.708279	29.862415	1
GGGCC	501315	1.7002565	16.530237	5
TGCAT	1135840	1.6930382	33.139297	3
GGGAG	1300405	1.692668	18.826668	6
TTCCA	856880	1.6868198	16.54079	5
GGGTG	925060	1.674959	17.703568	6
TTGCA	1116275	1.6638753	13.52896	2
GCAGG	961670	1.6531727	50.15017	2
GGCTC	523310	1.6526903	10.940258	6
CTTGG	728775	1.6227647	6.4522986	6
TGGCT	727950	1.6209276	10.188656	1
CTGCA	765250	1.6177943	10.345456	2
TCCCA	579325	1.6174891	36.43874	6
GGGAC	936555	1.6099986	23.536848	6
CGCTG	501775	1.5846796	61.312927	1
AGCTT	1056885	1.575351	33.095947	2
CTGCT	535605	1.5750915	9.045367	1
GGGAT	1294380	1.5688579	22.53366	6
TGTGC	700215	1.5591701	28.468147	1
CCTGC	373190	1.5565444	19.550375	1
GGGTC	650455	1.5554305	21.015028	6
TTCAA	1557205	1.5537564	6.080559	5
GGCAT	965880	1.546123	35.316338	2
GGGTT	912425	1.5383677	19.322332	6
CATCA	1075505	1.5220187	36.389492	4
TCTCA	772160	1.5200435	32.91395	6
GGCAG	869785	1.4952165	12.146087	6
CGTGC	473430	1.4951619	37.1253	1
GGTGC	622870	1.4894667	27.843693	1
CCATG	703445	1.487134	26.239506	7
CTCAG	696120	1.4716485	35.379707	7
CAAGG	1275960	1.4683067	18.205933	5
CAGCT	691515	1.461913	9.326471	1
CATGC	688660	1.4558774	31.22711	1
TGGGT	858270	1.4470613	36.458992	4
AGCTG	902520	1.4447001	21.071327	1
GTTGC	644915	1.4360335	17.794212	1
GCATG	892690	1.4289649	35.49284	4
GGTTT	904315	1.4197485	5.5055985	7
CGCTT	481985	1.4174074	47.94573	2
ATCTC	719870	1.4171075	41.270836	5
TGCAA	1299585	1.3925574	16.899204	3
TGCAG	869400	1.3916837	16.08942	1
TCCAT	699770	1.3775394	24.398102	6
ACTGC	642765	1.358852	27.062057	1
ATTGC	910230	1.3567529	23.200068	1
TCAGG	846675	1.3553069	37.349636	2
GCAAG	1177590	1.3551078	18.10917	4
AGGGC	782975	1.3459847	28.837626	4
CAGCA	880615	1.3383349	6.724568	1
GGCAA	1137675	1.3091757	13.165038	6
TTCAG	866900	1.2921668	9.336603	1
CACAG	846195	1.2860243	24.228836	7
GTGCT	577545	1.2860204	8.627987	1
GGAAA	2201140	1.2838546	9.427399	7
GTCTG	574200	1.2785721	21.347864	1
CCAAG	833045	1.2660395	6.321624	7
TCCAG	593895	1.2555373	14.127723	1
TGGGA	1034660	1.2540634	31.056156	4
GGAAG	1431860	1.2476166	9.025175	7
GGAGG	950970	1.2378271	5.2634373	7
TCACA	857570	1.2136043	22.605078	6
GTGCA	757310	1.2122567	16.15067	2
ATCCC	434055	1.2118919	44.429802	5
GGCAC	532790	1.2096156	16.437527	6
AGCAG	1029715	1.184941	9.084795	1
ACCTG	556085	1.1756041	24.964653	1
GAGCT	731630	1.1711496	7.3314548	1
AAGGG	1340670	1.1681606	14.106741	3
TCCAA	818395	1.1581652	5.9462123	6
GGTTG	684500	1.1540813	6.3312097	7
AATGC	1071755	1.1484284	26.120115	1
TGGCA	716625	1.1471305	8.278577	1
TCATG	769190	1.1465242	10.346592	1
AACTG	1069300	1.1457978	9.180867	1
TCGCT	388545	1.1426218	12.421143	1
GATGC	711360	1.1387026	22.654009	1
GGTCT	509910	1.1354175	6.075419	7
ATGCA	1057535	1.1331911	15.563181	2
CAATG	1046160	1.1210024	9.126345	7
GATGG	916290	1.1105926	20.255646	2
CGCAG	481815	1.0938848	14.781921	1
ATCAC	771975	1.0924731	28.619585	5
CCGCA	362265	1.0862174	9.154241	1
AAGCT	1005810	1.0777658	8.649322	1
AGTGC	671580	1.0750252	27.764116	1
ACAGG	929930	1.0701138	26.026522	2
GGGTA	882015	1.0690495	17.332138	6
GGTTC	476515	1.0610569	5.5495167	7
ATGCT	710935	1.0596915	8.302741	1
GGATT	934630	1.0548489	5.588442	7
GGGCG	408435	1.0488844	13.609891	5
ATCTG	695935	1.0373333	12.776064	1
AGGGA	1186125	1.0335015	10.333621	4
AGGCT	640250	1.024874	11.241926	1
GGATG	842805	1.0215248	7.65974	7
TTCTA	727140	1.0092443	9.605987	5
TCAAT	1005850	1.0036224	8.525754	6
GACTG	626765	1.003288	14.161766	1
GGACG	578370	0.9942553	5.3131313	7
TCTCG	337630	0.9928924	9.287202	5
ATCCA	689855	0.9762597	12.039841	5
GGAAC	842555	0.96956736	5.6884794	7
AAGCA	1258225	0.9692272	5.7246923	1
AGCAT	904265	0.9689562	23.633575	2
GGTCC	304085	0.9603454	6.423553	6
TACTG	641400	0.95604557	18.885916	1
CGCAT	443360	0.9372954	34.831547	2
CTCGG	295730	0.93395907	18.858658	6
AGGCA	808980	0.93093103	7.7364583	1
CGGCT	294415	0.9298061	17.674335	1
ACCAG	611525	0.9293792	10.623136	1
AATGG	1118505	0.9075013	8.444376	2
ACATG	840245	0.90035623	6.813356	1
CGGGG	349180	0.89671415	33.213093	8
GGATC	556450	0.890732	6.3393497	7
GGACA	772165	0.88856626	5.7521005	7
CCGCT	211410	0.8817735	11.132599	1
TATGC	590775	0.88058585	24.066807	1
TTGGG	521730	0.8796477	7.64275	7
GAGCA	763130	0.8781693	5.1855664	1
ATCAG	801705	0.85905915	6.766027	1
TATGG	756195	0.8534623	17.560894	2
TCGCA	403620	0.8532821	9.399327	1
GCGCT	266965	0.8431149	12.433351	1
AGGGT	687425	0.8331959	10.92241	4
GTCAG	518380	0.8297918	7.547451	1
GGACT	517650	0.82862324	5.5513945	7
CGGCA	360910	0.81938916	13.985192	1
CACGG	357695	0.81208986	22.607788	6
CTATG	529130	0.7887002	14.862339	7
TCTAT	560225	0.77757233	13.865607	6
CGGGC	228325	0.77438545	14.515521	8
ACTCG	365650	0.77301073	5.93414	5
TCACG	365400	0.7724822	9.644516	5
CGATG	479040	0.76681864	8.810799	1
GCGCA	322300	0.73173124	8.269237	1
TCGGG	305025	0.72940505	16.315899	7
ACGGG	417825	0.7182681	24.433903	7
ACGCT	330965	0.6996841	11.816883	1
TACAG	647870	0.69421875	7.830679	1
TAGCA	647105	0.6933989	6.264646	1
TAGCT	463180	0.6903978	7.911334	1
GGCTA	420880	0.6737196	5.105016	6
GGTAT	589990	0.6658788	5.114984	6
ACGCA	408870	0.6213896	8.258177	1
GGTAC	384465	0.6154286	5.9379973	6
ACACG	380040	0.5775746	8.187721	5
ATCTA	540895	0.5396972	6.6776795	5
TAGGG	331175	0.40140185	8.236969	7
CTAGG	240575	0.3850981	6.3323627	6
>>END_MODULE
