##FastQC	0.10.1
>>Basic Statistics	pass
#Measure	Value	
Filename	Acer-045_S35_L001_R1_001.fastq.gz	
File type	Conventional base calls	
Encoding	Sanger / Illumina 1.9	
Total Sequences	14424718	
Filtered Sequences	0	
Sequence length	101	
%GC	45	
>>END_MODULE
>>Per base sequence quality	pass
#Base	Mean	Median	Lower Quartile	Upper Quartile	10th Percentile	90th Percentile
1	36.293499117279104	37.0	37.0	37.0	37.0	37.0
2	36.36492415310996	37.0	37.0	37.0	37.0	37.0
3	36.332859054852925	37.0	37.0	37.0	37.0	37.0
4	36.35013079631782	37.0	37.0	37.0	37.0	37.0
5	36.49294273898457	37.0	37.0	37.0	37.0	37.0
6	36.531933587887124	37.0	37.0	37.0	37.0	37.0
7	36.555923450288596	37.0	37.0	37.0	37.0	37.0
8	36.54463803035872	37.0	37.0	37.0	37.0	37.0
9	36.557846676794654	37.0	37.0	37.0	37.0	37.0
10-14	36.43833142526599	37.0	37.0	37.0	37.0	37.0
15-19	36.36029157727728	37.0	37.0	37.0	37.0	37.0
20-24	36.34287617962444	37.0	37.0	37.0	37.0	37.0
25-29	36.26706289856065	37.0	37.0	37.0	37.0	37.0
30-34	36.23939543220187	37.0	37.0	37.0	37.0	37.0
35-39	36.21308892139174	37.0	37.0	37.0	37.0	37.0
40-44	36.18259371171068	37.0	37.0	37.0	37.0	37.0
45-49	36.158479132832966	37.0	37.0	37.0	37.0	37.0
50-54	36.140590575150235	37.0	37.0	37.0	37.0	37.0
55-59	36.098148497599745	37.0	37.0	37.0	37.0	37.0
60-64	36.059699385457655	37.0	37.0	37.0	37.0	37.0
65-69	36.018714986317235	37.0	37.0	37.0	37.0	37.0
70-74	35.96027420432067	37.0	37.0	37.0	37.0	37.0
75-79	35.93290691714043	37.0	37.0	37.0	37.0	37.0
80-84	35.88197948826452	37.0	37.0	37.0	37.0	37.0
85-89	35.85490984295152	37.0	37.0	37.0	37.0	37.0
90-94	35.79395814878322	37.0	37.0	37.0	37.0	37.0
95-99	35.73978072916226	37.0	37.0	37.0	37.0	37.0
100-101	35.64113946629667	37.0	37.0	37.0	37.0	37.0
>>END_MODULE
>>Per sequence quality scores	pass
#Quality	Count
14	4.0
15	13.0
16	57.0
17	120.0
18	268.0
19	405.0
20	674.0
21	1407.0
22	2774.0
23	5823.0
24	11567.0
25	20987.0
26	33676.0
27	52608.0
28	75330.0
29	109670.0
30	144564.0
31	193976.0
32	247578.0
33	335584.0
34	481733.0
35	1006885.0
36	8777066.0
37	2921949.0
>>END_MODULE
>>Per base sequence content	fail
#Base	G	A	T	C
1	21.110798254258764	29.31234911495802	25.789221095089914	23.787631535693308
2	30.035170142761235	26.227799324200607	21.192719343509165	22.544311189528994
3	19.955219687807904	11.940298093564452	27.380576359333997	40.723905859293644
4	27.305995325796633	16.798833445733095	35.711484963573604	20.183686264896668
5	47.28755875851437	12.824895432964443	12.397497129579934	27.49004867894125
6	47.28997128401401	6.396326084156377	20.084808590365512	26.228894041464102
7	47.55058531236475	13.418547405972161	18.98685386050904	20.044013421154048
8	61.042310988999716	11.190930899436772	11.529038076035604	16.237720035527907
9	50.37007580933437	22.444085841032575	7.923760424728051	19.262077924905007
10-14	44.43273072156459	24.061469439648032	17.25899605598096	14.246803782806419
15-19	26.08826895143385	33.828097947734314	22.57929420078594	17.50433890004589
20-24	25.088992753533866	32.77322978844821	24.9306658687398	17.207111589278117
25-29	23.372709372447904	32.0459976715154	26.13618513838724	18.44510781764945
30-34	23.240265423166875	31.244279936087242	25.661414366393558	19.854040274352318
35-39	23.572534049143442	30.722357101996202	25.686682186706744	20.018426662153615
40-44	23.192105347151664	30.733158811458388	25.90003492082833	20.17470092056162
45-49	23.32079717718386	30.805729844462316	25.821586597019692	20.051886381334135
50-54	23.722724132150116	30.775577071551407	25.499517490854274	20.0021813054442
55-59	23.32916193182645	30.936317962514682	25.679707301946546	20.05481280371232
60-64	23.26372414408142	31.211439316197982	25.685524345991112	19.839312193729487
65-69	23.432321460858994	31.01355162579576	25.6536807665472	19.90044614679805
70-74	23.18953699037985	31.05617520310907	25.908578907902697	19.845708898608386
75-79	23.061636658203746	31.521086679101064	25.9647879107904	19.452488751904795
80-84	23.355144013813078	31.453650502672964	25.817106047758365	19.374099435755596
85-89	23.148723742625858	31.263236930220568	25.86392194133782	19.724117385815756
90-94	23.104154965109196	31.512383119032204	25.910365804031667	19.473096111826933
95-99	23.563434654320453	31.221460273954747	25.920965664632057	19.294139407092743
100-101	23.036017064597033	31.417269301209217	25.987901461921126	19.55881217227262
>>END_MODULE
>>Per base GC content	fail
#Base	%GC
1	44.89842978995207
2	52.57948133229022
3	60.679125547101556
4	47.4896815906933
5	74.77760743745561
6	73.51886532547812
7	67.5945987335188
8	77.28003102452762
9	69.63215373423938
10-14	58.67953450437101
15-19	43.59260785147974
20-24	42.29610434281199
25-29	41.81781719009735
30-34	43.09430569751919
35-39	43.59096071129706
40-44	43.36680626771328
45-49	43.37268355851799
50-54	43.724905437594316
55-59	43.38397473553877
60-64	43.1030363378109
65-69	43.33276760765704
70-74	43.035245888988236
75-79	42.51412541010854
80-84	42.72924344956867
85-89	42.872841128441614
90-94	42.57725107693613
95-99	42.857574061413196
100-101	42.59482923686966
>>END_MODULE
>>Per sequence GC content	warn
#GC Content	Count
0	186.0
1	185.5
2	196.0
3	363.0
4	1760.5
5	7487.0
6	19496.5
7	33735.0
8	43943.5
9	47535.0
10	44564.5
11	36930.5
12	28584.0
13	22016.0
14	17639.5
15	15234.0
16	13891.5
17	12932.0
18	12319.0
19	12358.0
20	13062.5
21	14324.5
22	16156.0
23	19086.0
24	22790.0
25	28145.5
26	37070.0
27	49055.0
28	65874.5
29	89777.5
30	121072.0
31	156700.0
32	195019.0
33	234700.5
34	274221.0
35	315323.5
36	353349.5
37	391970.5
38	434194.5
39	472606.0
40	506840.5
41	537701.0
42	552976.0
43	554172.5
44	555977.5
45	553540.0
46	540524.5
47	516891.0
48	486191.0
49	456385.0
50	437006.0
51	430383.0
52	427439.0
53	412609.0
54	386784.0
55	369886.5
56	360574.5
57	350694.5
58	343803.5
59	330763.5
60	301314.0
61	259339.5
62	218193.5
63	182281.0
64	149960.0
65	121161.5
66	94515.0
67	71714.5
68	56399.5
69	48617.5
70	42230.0
71	35467.5
72	26730.0
73	15981.5
74	7345.5
75	3036.5
76	1423.0
77	708.0
78	407.5
79	240.0
80	147.0
81	87.5
82	78.5
83	56.5
84	47.0
85	39.5
86	32.0
87	28.0
88	30.0
89	28.0
90	19.0
91	15.0
92	14.5
93	15.5
94	19.0
95	24.0
96	21.0
97	13.5
98	14.0
99	13.0
100	5.5
>>END_MODULE
>>Per base N content	pass
#Base	N-Count
1	0.03901636066646156
2	0.04324521283535664
3	0.003618788249447927
4	9.705562354841184E-5
5	0.0
6	0.0
7	1.8717870255765138E-4
8	1.3865089078344548E-5
9	0.001670743233940518
10-14	2.856208350138977E-4
15-19	6.544322044978626E-4
20-24	2.911668706452355E-5
25-29	3.9792805654848847E-4
30-34	3.7435740511530276E-4
35-39	0.0012811342308390362
40-44	6.156099550784979E-4
45-49	0.0013920549434657925
50-54	0.00227526111775634
55-59	0.005468391132499089
60-64	3.5771929822128935E-4
65-69	0.005310329117005961
70-74	0.016248497890911973
75-79	0.005917620018637453
80-84	7.903100774656393E-5
85-89	1.2339929279726647E-4
90-94	0.0
95-99	0.0
100-101	0.0
>>END_MODULE
>>Sequence Length Distribution	pass
#Length	Count
101	1.4424718E7
>>END_MODULE
>>Sequence Duplication Levels	fail
#Total Duplicate Percentage	83.67708914001926
#Duplication Level	Relative count
1	100.0
2	38.1532650315637
3	28.226223740039327
4	27.8329711269792
5	28.7048535651454
6	29.56380006209252
7	29.763013556866397
8	29.333540308392838
9	27.14477905412398
10++	178.71520231812067
>>END_MODULE
>>Overrepresented sequences	pass
>>END_MODULE
>>Kmer Content	fail
#Sequence	Count	Obs/Exp Overall	Obs/Exp Max	Max Obs/Exp Position
AAAAA	37065245	11.386324	15.5051365	95-97
CTGGG	7725025	6.5033755	296.34885	3
CCTGG	4182345	4.672592	211.09473	5
TGGGG	7175775	4.552068	205.3944	4
GGGGG	7426465	4.4724293	129.12132	5
TTTTT	4703805	3.6736994	4.6619554	95-97
TGCCT	3095930	3.6434078	222.19273	3
GCCTG	3188100	3.5618036	210.72847	4
CAGGG	4928425	3.4427032	119.93648	3
GCTTC	2877060	3.3858335	156.40993	3
GGGGA	6297030	3.3145773	77.994255	5
TGCCA	2766965	2.701922	114.142815	3
GCATC	2717545	2.6536636	134.05292	3
CCAGG	2850585	2.6425579	108.723724	5
CTTCT	2006180	2.486939	57.670456	4
CTGCC	1611105	2.3886962	81.71247	2
GGGGC	2864985	2.289722	28.444263	5
GGGCA	3265135	2.2808282	42.681892	5
CTTCC	1437030	2.2443032	69.07772	4
GCCAG	2397870	2.2228806	108.40358	4
CTTCA	2159325	2.221088	44.02462	4
GCTGG	2630190	2.2142475	105.07999	2
CTCTG	1865955	2.1959267	52.35319	7
AGGGG	4146660	2.1826837	74.816444	4
ATGCC	2194750	2.143158	102.69021	2
TTGCC	1807460	2.1270874	74.97505	2
TCTCT	1693750	2.0996385	55.41752	6
GTGCC	1834630	2.0496821	92.93389	2
TCTGG	2288595	2.029488	59.600792	2
TTCTC	1628975	2.019341	44.332813	5
CCCTG	1340910	1.9880934	53.356987	7
GCTGC	1748360	1.9532998	13.2431135	1
TGCTG	2178840	1.9321593	30.182007	1
GGGGT	2980475	1.890712	44.402637	5
TGGGC	2236780	1.8830516	57.81366	4
CATCC	1442090	1.8687901	58.663445	4
CACTG	1862255	1.8184791	40.846367	7
GGCTT	2050285	1.8181587	34.459526	2
CATCT	1766680	1.8172121	51.04813	4
TTCCC	1161385	1.8138105	46.421764	5
TTTGC	1932060	1.8047488	15.44564	1
TTCAA	2640665	1.7889286	5.9981647	5
GGGAA	3871770	1.7812834	26.526518	6
TGCTT	1899870	1.77468	25.416927	2
TCCCT	1128095	1.7618192	56.230846	6
AGCTT	2251400	1.7450236	29.994133	2
CATGG	2338170	1.720466	29.881464	5
CAAGG	2814635	1.7184805	14.931799	5
TGCAT	2211860	1.7143769	31.5833	3
CTGCA	1717365	1.6769947	8.366696	2
CATCA	1961430	1.6740675	36.839058	4
ACTGG	2258995	1.6622076	54.928493	2
CCCAG	1350365	1.661272	29.684704	7
TCTGC	1409090	1.6582706	22.39135	1
CTTGC	1398055	1.6452842	22.311949	1
ATGGG	2965640	1.6443317	57.9196	3
TTGCA	2087720	1.6181579	12.087985	2
TTCTG	1720860	1.6074656	14.506188	1
TTCAC	1539215	1.583241	34.715927	5
TGCAG	2129150	1.5666656	12.97657	1
CAGCT	1598330	1.5607578	7.6035466	1
GGGCT	1852720	1.5597275	13.961405	8
CAGCA	1920450	1.5560536	6.2430463	1
TCCTG	1318915	1.5521492	31.235014	1
CTGCT	1314635	1.5471122	6.320576	1
TTGCT	1656100	1.5469729	5.173786	1
TCCCA	1192330	1.5451285	31.378155	6
GCAGG	2205675	1.540753	36.423817	2
CCTGC	1037785	1.5386665	13.192038	1
TTCCA	1494670	1.5374218	14.584939	5
TCACT	1487300	1.5298411	43.004654	6
AGCTG	2051385	1.5094446	18.364992	1
GGCAT	2033230	1.4960859	29.077963	2
GCAAG	2435995	1.4873011	14.821461	4
GCATG	1986280	1.4615394	29.73121	4
GGCTG	1731550	1.4577196	24.158058	1
GGGAG	2751495	1.4483087	15.297837	6
GGCAA	2371000	1.4476184	12.20374	6
GGCAG	2069150	1.4453846	9.495758	6
CCATG	1473280	1.4386477	21.219255	7
TGCAA	2212590	1.4229907	15.6304865	3
GGAAA	3497335	1.4063447	7.4609118	7
ATCTC	1362965	1.4019495	40.01455	5
CGCTG	1248520	1.3948693	41.949993	1
AGCAG	2258200	1.378748	8.405496	1
TCTCA	1334210	1.3723723	30.642355	6
CATGC	1381905	1.3494203	27.407272	1
TGGCT	1520120	1.3480172	7.524841	1
GGAAG	2893100	1.3310272	9.531018	7
GGGCC	1248145	1.3238064	9.667561	7
CGTGC	1181320	1.3197923	24.484657	1
GAGCT	1792945	1.31928	6.0013022	1
CACAG	1606510	1.3016825	21.99456	7
GGGAT	2346910	1.3012701	19.498806	6
CTCAG	1325130	1.2939801	29.111774	7
GGAGC	1830865	1.2789329	5.3912024	8
ACTGC	1309335	1.2785562	23.690815	1
AAGCA	2377600	1.2687976	7.070096	1
TCCAT	1232195	1.2674394	22.348112	6
TGTGC	1426855	1.2653114	21.257826	1
ATGCA	1966190	1.2645226	15.849177	2
GATGC	1709655	1.2579939	19.62754	1
TCCAA	1463045	1.2486992	5.317617	6
GGGAC	1779610	1.2431293	18.61277	6
ATTGC	1594240	1.2356695	22.75693	1
TTCAG	1590810	1.2330111	8.312493	1
AATGC	1916845	1.2327873	28.893116	1
AAGCT	1903305	1.2240791	8.862165	1
TCACA	1421855	1.2135439	23.19519	6
GTGCA	1646740	1.2117	12.863323	2
GGTGC	1434185	1.2073804	19.094755	1
GGGTG	1900525	1.2056285	10.856307	6
CGCTT	1019270	1.1995156	33.788307	2
AGCAT	1861700	1.1973215	24.95034	2
CAATG	1846635	1.1876328	8.1455965	7
TGGCA	1610705	1.1851847	6.637756	1
TCCAG	1212745	1.184237	11.958927	1
TCAGG	1603235	1.1796881	30.071543	2
AGGGC	1671865	1.167865	18.352451	4
ATCCC	893220	1.1575149	39.724308	5
GTTGC	1294440	1.147888	13.154482	1
ACAGG	1874125	1.1442504	23.973389	2
CGCAG	1232915	1.1429405	11.027754	1
GTGCT	1271465	1.1275141	6.1009665	1
ATCAC	1317720	1.1246653	30.16021	5
ACCTG	1145080	1.1181626	21.987347	1
GGCAC	1206030	1.1180174	11.546977	6
AACTG	1730805	1.1131387	9.537699	1
TCATG	1426695	1.1058081	9.502088	1
ATGCT	1405125	1.0890896	7.514539	1
GGATG	1934370	1.0725327	7.6794314	7
GGGTT	1603680	1.0716088	11.404535	6
ATCCA	1255550	1.0716037	12.3073	5
TCAAT	1576030	1.0676876	8.616421	6
AAGGG	2309640	1.062595	11.204418	6
GATGG	1906595	1.0571325	15.802157	2
AGGCA	1729930	1.0562118	7.3457327	1
AGTGC	1427930	1.0506958	23.986279	1
CCGCA	850975	1.0469029	6.6927767	1
GTCTG	1175535	1.042445	15.659606	1
TGGGT	1528985	1.0216962	20.246796	4
ACCAG	1259400	1.0204349	9.6402645	1
TGGGA	1831190	1.0153235	19.093882	4
GGAAC	1639735	1.0011432	5.2705708	7
AGGCT	1344305	0.9891629	9.190353	1
GGGTC	1174630	0.98887193	11.52074	6
ATCTG	1272510	0.98630184	12.154035	1
ATCAG	1527155	0.9821645	7.00913	1
TCGCT	834415	0.98197114	8.729421	1
CGATG	1297875	0.954999	6.8541923	1
GGATC	1288180	0.94786525	5.9286985	7
CGGCA	1021820	0.9472508	10.563839	1
CGCAT	969135	0.94635355	28.457384	2
ACATG	1471175	0.94616187	7.1155796	1
AATGG	1938195	0.93928975	7.1211233	2
GGACA	1536260	0.9379663	5.447046	7
TTCTA	1145705	0.9354058	8.71201	5
AGGGA	2027125	0.93261844	6.4140863	4
GACTG	1258760	0.92621744	11.585445	1
GGGCG	1142780	0.9133201	8.978849	5
CGGCT	803020	0.8971487	11.654766	1
TCGCA	914700	0.893198	7.727255	1
TACTG	1127535	0.8739341	17.732943	1
TCTCG	723355	0.85127157	6.639229	5
TATGC	1094980	0.8487012	23.753149	1
GCGCT	758260	0.847142	7.780147	1
CCGCT	547275	0.81141454	6.939656	1
CTCGG	722270	0.80693316	12.075489	6
TAGCA	1250675	0.804351	6.701331	1
GCGCA	861585	0.7987092	5.9467435	1
GTCAG	1046720	0.77019477	6.1255927	1
TACAG	1190345	0.76555073	8.233457	1
TCTAT	934290	0.762797	13.509481	6
CACGG	817310	0.75766516	15.894403	6
GGGTA	1355645	0.7516523	12.36604	6
CTATG	947130	0.7341051	12.810419	7
TATGG	1242565	0.7257193	14.30783	2
CGGGG	847465	0.6773017	18.780787	8
ACGCA	828480	0.6712798	7.75681	1
AGGGT	1202510	0.66674495	6.1731772	4
ACTCG	679275	0.66330725	5.0245104	5
TCACG	677035	0.66111994	7.411745	5
CGGGC	615740	0.6530656	7.868294	8
TAGCT	812555	0.62979823	7.1921215	1
ACGCT	625870	0.6111576	9.651603	1
ATCTA	901870	0.61097527	7.229534	5
ACACG	714905	0.5792552	7.726461	5
ACGGG	772640	0.5397201	16.25018	7
TCGGG	628795	0.52935624	10.216295	7
TAGGG	541930	0.30047902	5.5591784	7
>>END_MODULE
