##FastQC	0.10.1
>>Basic Statistics	pass
#Measure	Value	
Filename	Acer-005_S23_L001_R1_001.fastq.gz	
File type	Conventional base calls	
Encoding	Sanger / Illumina 1.9	
Total Sequences	11893867	
Filtered Sequences	0	
Sequence length	101	
%GC	43	
>>END_MODULE
>>Per base sequence quality	pass
#Base	Mean	Median	Lower Quartile	Upper Quartile	10th Percentile	90th Percentile
1	36.29019384528178	37.0	37.0	37.0	37.0	37.0
2	36.3589669364892	37.0	37.0	37.0	37.0	37.0
3	36.326557292090115	37.0	37.0	37.0	37.0	37.0
4	36.343637943824326	37.0	37.0	37.0	37.0	37.0
5	36.49164102810297	37.0	37.0	37.0	37.0	37.0
6	36.53218326722503	37.0	37.0	37.0	37.0	37.0
7	36.55573136978915	37.0	37.0	37.0	37.0	37.0
8	36.5463636847461	37.0	37.0	37.0	37.0	37.0
9	36.55745528346668	37.0	37.0	37.0	37.0	37.0
10-14	36.44039703823828	37.0	37.0	37.0	37.0	37.0
15-19	36.360828467310085	37.0	37.0	37.0	37.0	37.0
20-24	36.34895318738641	37.0	37.0	37.0	37.0	37.0
25-29	36.2691035976777	37.0	37.0	37.0	37.0	37.0
30-34	36.233466710196105	37.0	37.0	37.0	37.0	37.0
35-39	36.20531097245329	37.0	37.0	37.0	37.0	37.0
40-44	36.167785582266895	37.0	37.0	37.0	37.0	37.0
45-49	36.136255803095835	37.0	37.0	37.0	37.0	37.0
50-54	36.11075571973354	37.0	37.0	37.0	37.0	37.0
55-59	36.06350102956423	37.0	37.0	37.0	37.0	37.0
60-64	36.01568741268083	37.0	37.0	37.0	37.0	37.0
65-69	35.97194742466853	37.0	37.0	37.0	37.0	37.0
70-74	35.90663645389678	37.0	37.0	37.0	37.0	37.0
75-79	35.869135412393625	37.0	37.0	37.0	37.0	37.0
80-84	35.8075783931332	37.0	37.0	37.0	37.0	37.0
85-89	35.77337320149956	37.0	37.0	37.0	37.0	37.0
90-94	35.70906281363328	37.0	37.0	37.0	37.0	37.0
95-99	35.642877678050375	37.0	37.0	37.0	37.0	37.0
100-101	35.54548945267338	37.0	37.0	37.0	37.0	37.0
>>END_MODULE
>>Per sequence quality scores	pass
#Quality	Count
14	1.0
15	10.0
16	30.0
17	75.0
18	146.0
19	271.0
20	572.0
21	1316.0
22	2701.0
23	6015.0
24	11093.0
25	19535.0
26	30355.0
27	46014.0
28	64609.0
29	92265.0
30	122786.0
31	165263.0
32	210893.0
33	288979.0
34	416059.0
35	861405.0
36	7269099.0
37	2284375.0
>>END_MODULE
>>Per base sequence content	fail
#Base	G	A	T	C
1	20.916623399191014	29.718056428077766	25.93839816109093	23.42692201164029
2	29.75608443111531	26.518450854148192	21.280597741813793	22.444866972922707
3	20.071881708799037	12.285060935748639	26.806667782689082	40.836389572763245
4	26.709133956512016	17.223147069160056	35.76450370191006	20.30321527241787
5	47.49273722331013	13.062042815847866	12.570217911466472	26.875002049375528
6	47.492131869307094	6.523404036719092	20.20242869707556	25.78203539689825
7	47.75028596723768	13.608341120974757	18.490345216370315	20.151027695417252
8	59.19725155737879	12.019854272745532	11.90154956383809	16.881344606037587
9	48.46219951279856	23.847554529760142	8.289688869928247	19.40055708751305
10-14	43.26757158704729	25.300481309871248	17.813622530113207	13.618324572968248
15-19	24.87288701263784	35.20560303215747	23.229531757441862	16.691978197762822
20-24	23.76571570800824	34.33510810834534	25.565663923325037	16.33351226032138
25-29	22.274775595096784	33.625157321287006	26.73288495904745	17.367182124568764
30-34	22.13975620336715	32.9356582885417	26.28639551374215	18.638189994348995
35-39	22.407673003758678	32.45335109824186	26.35429023163151	18.78468566636795
40-44	22.10356636656191	32.53546757152953	26.44512465431302	18.915841407595543
45-49	22.2779685270245	32.56703861088212	26.308112864482553	18.846879997610834
50-54	22.566335408407976	32.61961944814565	26.011294731926053	18.802750411520325
55-59	22.253090406876737	32.76477707860466	26.221324889578295	18.760807624940306
60-64	22.1450486055898	33.029451638116655	26.212028885058032	18.613470871235517
65-69	22.30209346410089	32.85212828560582	26.158522584773724	18.687255665519558
70-74	22.025743562427586	32.95023551696308	26.405612689547276	18.618408231062055
75-79	21.96246835117141	33.360539977673916	26.333453211629003	18.34353845952567
80-84	22.197119255957475	33.345809801089096	26.20850065989523	18.248570283058204
85-89	22.03899813441416	33.26618435021592	26.211840050796	18.48297746457392
90-94	21.911329595328414	33.50603298321732	26.296384514809183	18.286252906645082
95-99	22.303521638504954	33.27966085378288	26.290559664068887	18.12625784364328
100-101	21.915181160172718	33.42657186262466	26.328842419374627	18.329404557827996
>>END_MODULE
>>Per base GC content	fail
#Base	%GC
1	44.343545410831304
2	52.20095140403802
3	60.90827128156228
4	47.012349228929885
5	74.36773927268567
6	73.27416726620535
7	67.90131366265493
8	76.07859616341638
9	67.86275660031161
10-14	56.88589616001555
15-19	41.56486521040066
20-24	40.09922796832962
25-29	39.64195771966555
30-34	40.77794619771614
35-39	41.19235867012662
40-44	41.01940777415745
45-49	41.124848524635325
50-54	41.3690858199283
55-59	41.01389803181704
60-64	40.75851947682532
65-69	40.98934912962045
70-74	40.64415179348964
75-79	40.306006810697085
80-84	40.445689539015675
85-89	40.52197559898808
90-94	40.19758250197349
95-99	40.429779482148234
100-101	40.244585718000714
>>END_MODULE
>>Per sequence GC content	warn
#GC Content	Count
0	341.0
1	318.0
2	277.0
3	417.0
4	1887.5
5	7897.5
6	20591.5
7	35813.5
8	46868.5
9	50680.0
10	47779.0
11	40407.5
12	31800.5
13	25034.5
14	20641.5
15	17740.0
16	16072.0
17	15177.0
18	14675.5
19	14420.0
20	14485.5
21	15382.5
22	17164.5
23	19613.0
24	23253.0
25	29334.0
26	37565.0
27	49303.5
28	65919.0
29	86660.0
30	114491.0
31	148685.0
32	185979.5
33	224368.0
34	263939.0
35	304453.0
36	342882.5
37	380807.5
38	418702.5
39	453934.0
40	487159.5
41	514655.0
42	527337.0
43	527137.0
44	524125.0
45	519526.0
46	504353.5
47	476904.5
48	440459.5
49	397366.0
50	358802.5
51	331427.0
52	309635.0
53	280396.5
54	244653.0
55	218293.0
56	201851.0
57	192237.0
58	187354.5
59	176212.5
60	154270.5
61	129729.0
62	108854.0
63	91220.0
64	75959.0
65	61400.0
66	48980.5
67	38824.5
68	32098.0
69	29985.0
70	28305.5
71	25400.5
72	20324.5
73	12838.5
74	5983.5
75	2251.0
76	883.0
77	366.5
78	123.0
79	76.0
80	62.5
81	61.0
82	61.0
83	54.0
84	49.5
85	38.0
86	24.0
87	18.5
88	14.5
89	16.5
90	18.0
91	14.0
92	13.5
93	9.5
94	11.0
95	13.0
96	10.0
97	10.5
98	11.5
99	7.5
100	1.0
>>END_MODULE
>>Per base N content	pass
#Base	N-Count
1	0.03904533319567135
2	0.04306421116025595
3	0.0036825701851214577
4	5.88538614060507E-5
5	0.0
6	0.0
7	1.8496927870473076E-4
8	3.363077794631468E-5
9	0.0018833235649936223
10-14	2.724093013651489E-4
15-19	6.591632477477678E-4
20-24	2.1860005665104546E-5
25-29	4.523339633779325E-4
30-34	4.3888165219940664E-4
35-39	0.001321689573290167
40-44	7.297878814350287E-4
45-49	0.0015453342466331598
50-54	0.002411326778750763
55-59	0.005409510632664717
60-64	4.1870318543161785E-4
65-69	0.005396058321486191
70-74	0.01597293798560216
75-79	0.005833258434788283
80-84	7.735078927652377E-5
85-89	1.3452311178525873E-4
90-94	0.0
95-99	0.0
100-101	0.0
>>END_MODULE
>>Sequence Length Distribution	pass
#Length	Count
101	1.1893867E7
>>END_MODULE
>>Sequence Duplication Levels	fail
#Total Duplicate Percentage	75.22998897464169
#Duplication Level	Relative count
1	100.0
2	54.315778228821706
3	45.386888865149736
4	38.288288288288285
5	29.87572552789944
6	22.51183990314425
7	15.883274578926752
8	11.15621550404159
9	7.707509881422925
10++	30.961791831357047
>>END_MODULE
>>Overrepresented sequences	pass
>>END_MODULE
>>Kmer Content	fail
#Sequence	Count	Obs/Exp Overall	Obs/Exp Max	Max Obs/Exp Position
AAAAA	40294870	11.436316	15.91083	95-97
CTGGG	6208205	7.46943	345.8064	3
CCTGG	3222925	5.206444	241.27736	5
TGGGG	5584710	5.004405	227.7706	4
GGGGG	5310655	4.8037524	141.3797	5
GCCTG	2384845	3.8525753	240.85025	4
CAGGG	3993290	3.8463938	139.17554	3
TGCCT	2375485	3.8015666	238.84167	3
TTTTT	4390655	3.789293	4.720563	20-24
GGGGA	5062035	3.6314363	89.87847	5
GCTTC	2199440	3.5198355	175.26184	3
CCAGG	2233730	2.8888378	124.17683	5
TGCCA	2138720	2.7400954	122.66873	3
GCATC	2101140	2.6919484	146.24709	3
CTGCC	1161675	2.5196788	96.58316	2
GGGCA	2585135	2.4900389	54.534737	5
CTTCT	1541310	2.4435403	60.82475	4
GCTGG	2018375	2.428417	122.61844	2
GGGGC	1989410	2.416164	35.66946	5
GCCAG	1859230	2.4045043	123.8329	4
AGGGG	3343645	2.3986862	82.81899	4
CTTCC	1091090	2.344447	77.597244	4
CTCTG	1433200	2.2935967	58.23283	7
TTGCC	1420780	2.2737205	81.88058	2
CTTCA	1757645	2.2308078	45.14873	4
GGGGT	2451330	2.196613	54.247482	5
TCTCT	1380580	2.1887245	57.82124	6
ATGCC	1676865	2.1483738	107.74501	2
TGGGC	1780475	2.1421866	73.320175	4
TCTGG	1796530	2.1412883	65.29631	2
GTGCC	1319845	2.1321313	107.2436	2
CCCTG	980860	2.1274903	62.04758	7
TTCTC	1319395	2.091724	46.37665	5
TGCTG	1713215	2.041985	33.46499	1
CACTG	1493885	1.9139426	44.605286	7
TTTGC	1611110	1.9023268	16.499496	1
TTCCC	883720	1.8988668	51.174862	5
GCTGC	1172880	1.8947179	15.376332	1
GGGAA	3321785	1.8899293	29.046179	6
TCCCT	865165	1.8589973	61.457916	6
GGCTT	1525100	1.8177702	38.219776	2
TGCTT	1531555	1.8083919	26.352394	2
CATCT	1421835	1.8045969	52.45614	4
ACTGG	1881285	1.7951336	59.48623	2
CATCC	1043185	1.7944967	63.10924	4
CATGG	1871105	1.7854198	31.95466	5
TCTGC	1096695	1.7550768	24.577892	1
ATGGG	2461720	1.7494891	62.51392	3
CCCAG	1001995	1.7399133	33.594685	7
CTTGC	1075560	1.7212538	24.111052	1
TTCAA	2280670	1.7097973	5.527844	5
TTGCT	1422700	1.6798607	5.3374486	1
AGCTT	1774120	1.6770438	30.412962	2
TGCAT	1772020	1.675059	31.654606	3
TTCAC	1319560	1.6747891	35.696228	5
CTGCA	1304975	1.671914	9.0476465	2
TTCTG	1414785	1.6705151	15.019705	1
CATCA	1640755	1.667156	37.362522	4
TTGCA	1746400	1.6508405	12.419088	2
TCACT	1271335	1.6135819	44.17089	6
TTCCA	1265435	1.6060936	15.30876	5
GGGCT	1319230	1.5872376	16.019855	5
TCCTG	991695	1.5870419	34.915195	1
GGGAG	2203210	1.5805534	17.365248	6
CAAGG	2057900	1.5720556	15.744835	5
CTGCT	978290	1.5655893	7.0282474	1
TCCCA	895520	1.5404819	33.35141	6
GGCTG	1278375	1.5380827	28.179865	1
CAGCT	1191120	1.5260447	7.974172	1
GCAGG	1573515	1.515632	41.753246	2
AGCTG	1577615	1.5053697	19.423794	1
CCTGC	689190	1.4948565	15.755111	1
GGCAT	1564505	1.4928601	31.641294	2
TGCAG	1560935	1.4894537	14.223491	1
GGCAG	1525985	1.4698504	11.722838	6
GGCAA	1903295	1.4539509	14.994122	6
CAGCA	1413820	1.4501315	6.471536	1
CGCTG	893625	1.443598	49.128204	1
CCATG	1113770	1.4269451	23.520485	7
ATCTC	1123625	1.426108	40.982986	5
GGAAA	3155640	1.4239091	7.65705	7
TCTCA	1119555	1.4209423	31.602253	6
TGCAA	1870065	1.4152058	15.558625	3
GCAAG	1845835	1.4100567	15.66381	4
GCATG	1475600	1.4080265	31.769945	4
GGAAG	2466870	1.4035255	10.01621	7
CCAAG	1352790	1.387534	5.3976626	7
GGGCC	842890	1.3744932	9.607236	8
TGGCT	1152895	1.3741384	8.399657	1
CTCAG	1068510	1.3689587	31.922962	7
GGGAT	1915845	1.361548	20.732887	6
CATGC	1048430	1.3432325	28.67916	1
CACAG	1294255	1.3274957	23.665451	7
GGGTG	1478860	1.3251922	12.724642	6
GGGAC	1373045	1.3225365	20.378914	6
CGTGC	817460	1.3205581	28.010643	1
ACTGC	1024770	1.3129196	25.242735	1
TGTGC	1100735	1.3119684	22.848986	1
TCCAT	1033070	1.3111753	23.315287	6
ATTGC	1380725	1.3051746	22.55255	1
TTCAG	1366845	1.2920539	8.64515	1
CGCTT	802800	1.284747	37.50948	2
TCCAG	989630	1.2678988	13.265617	1
AGCAG	1656740	1.2656045	8.8277645	1
TCAGG	1320405	1.2599385	32.92604	2
TCACA	1235410	1.2552887	23.506214	6
TCCAA	1215155	1.2347077	5.4028664	6
GTTGC	1032220	1.2303053	14.054773	1
GGAGG	1709985	1.2267205	5.0343633	7
GATGC	1281380	1.2227006	20.034695	1
AGGGC	1260675	1.2143002	22.520473	4
GGGTT	1364045	1.2108762	13.966514	6
GGTGC	1005410	1.2096636	21.400906	1
GAGCT	1264625	1.2067128	6.43276	1
ATGCA	1585775	1.2000642	15.683567	2
AAGCT	1582310	1.197442	8.895806	1
AAGCA	1959560	1.1871974	6.912964	1
AATGC	1558015	1.1790563	28.146427	1
TGGCA	1230110	1.1737784	7.3118286	1
AACTG	1547635	1.1712011	9.696202	1
GTGCA	1218865	1.1630484	13.436811	2
ATCCC	673505	1.1585697	41.933662	5
GTGCT	971960	1.1584815	6.4974556	1
ACCTG	902960	1.1568586	23.26085	1
ATCAC	1126745	1.144875	30.406652	5
CAATG	1501710	1.1364465	8.289068	7
TGGGT	1277515	1.1340628	24.268503	4
TGGGA	1592830	1.1319886	23.844074	4
ACAGG	1481800	1.1319656	25.482792	2
GGCAC	874380	1.1308179	13.9937525	6
GTCTG	942535	1.1234097	17.04114	1
TCATG	1188265	1.1232457	9.788081	1
AGCAT	1480530	1.1204182	24.70105	2
ATCCA	1078565	1.09592	12.364206	5
GGGTC	908870	1.0935111	13.085085	6
ATGCT	1155100	1.0918953	7.765587	1
CGCAG	818515	1.0585688	12.4210005	1
GATGG	1484195	1.054784	16.477259	2
AAGGG	1841325	1.0476217	11.668194	6
AGTGC	1091285	1.0413108	25.368387	1
GGATG	1460970	1.0382786	7.7228746	7
GGATT	1468710	1.0340174	5.1612086	7
ATCTG	1092120	1.0323614	12.341892	1
TCGCT	644440	1.0313183	9.534896	1
GGAAC	1345395	1.0277641	5.934	7
TCAAT	1367270	1.0250298	8.236634	6
ACCAG	993050	1.0185548	10.428936	1
AGGCA	1328040	1.0145066	7.7713847	1
GACTG	1034745	0.9873599	12.550573	1
AGGCT	1027565	0.9805088	10.037031	1
GGGCG	805195	0.9779197	11.450228	5
CCGCA	558335	0.9695203	7.701049	1
AGGGA	1703380	0.9691379	7.6529055	4
GGACA	1251970	0.9563957	5.940669	7
ATCAG	1263710	0.95633566	6.954877	1
ACATG	1238395	0.9371781	7.097766	1
TACTG	988100	0.9340332	18.179502	1
AATGG	1656345	0.93356407	7.172221	2
GGATC	975195	0.930537	5.8813396	7
CGATG	972840	0.92828983	7.2215123	1
TTCTA	973605	0.91172415	8.496636	5
CGCAT	702605	0.9001668	30.692379	2
CGGCA	675310	0.8733647	12.151702	1
TCTCG	542765	0.8686045	7.795298	5
GGGTA	1206825	0.8576634	14.127067	6
CCGCT	393460	0.8534167	8.299201	1
CGGCT	524975	0.8480659	13.773618	1
TCGCA	659910	0.8454666	8.296919	1
TATGC	892235	0.8434137	23.288502	1
GCGCT	517200	0.83550584	9.064273	1
CTCGG	503325	0.81309164	14.845676	6
GTCAG	847375	0.8085704	6.718527	1
GGACT	845545	0.8068242	5.092317	7
TAGCA	1031115	0.78031516	6.6786504	1
TATGG	1104445	0.7775636	14.96876	2
CACGG	599780	0.77568334	19.399704	6
GCGCA	591730	0.7652724	6.7538056	1
TACAG	996530	0.7541423	8.25079	1
CTATG	783185	0.74033076	13.242548	7
TCTAT	789630	0.7394424	13.119156	6
CGGGG	594360	0.72185785	24.165981	8
TCACG	557110	0.7137608	8.504245	5
AGGGT	989565	0.7032616	7.271472	4
ACTCG	533195	0.68312126	5.505049	5
CGGGC	416070	0.67848164	10.390967	8
TAGCT	706270	0.66762435	7.3186927	1
ACGCA	639645	0.65607315	8.191106	1
ACGCT	502465	0.6437505	10.544339	1
ACACG	604280	0.6197999	8.575635	5
ATCTA	778735	0.5838105	6.7651014	5
ACGGG	602560	0.5803944	19.787983	7
TCGGG	465580	0.5601647	12.465986	7
CTAGG	369920	0.35297993	5.160807	6
TAGGG	458990	0.32619387	6.2683945	7
>>END_MODULE
