##FastQC	0.10.1
>>Basic Statistics	pass
#Measure	Value	
Filename	Acer-042_S33_L001_R1_001.fastq.gz	
File type	Conventional base calls	
Encoding	Sanger / Illumina 1.9	
Total Sequences	14013158	
Filtered Sequences	0	
Sequence length	101	
%GC	44	
>>END_MODULE
>>Per base sequence quality	pass
#Base	Mean	Median	Lower Quartile	Upper Quartile	10th Percentile	90th Percentile
1	36.289908099230736	37.0	37.0	37.0	37.0	37.0
2	36.35779008557529	37.0	37.0	37.0	37.0	37.0
3	36.321700861433236	37.0	37.0	37.0	37.0	37.0
4	36.332340361822794	37.0	37.0	37.0	37.0	37.0
5	36.48952006392849	37.0	37.0	37.0	37.0	37.0
6	36.528049565986485	37.0	37.0	37.0	37.0	37.0
7	36.54907830197875	37.0	37.0	37.0	37.0	37.0
8	36.53634484104154	37.0	37.0	37.0	37.0	37.0
9	36.552574373313995	37.0	37.0	37.0	37.0	37.0
10-14	36.428752962037535	37.0	37.0	37.0	37.0	37.0
15-19	36.344111470091185	37.0	37.0	37.0	37.0	37.0
20-24	36.32927100372378	37.0	37.0	37.0	37.0	37.0
25-29	36.24980687436765	37.0	37.0	37.0	37.0	37.0
30-34	36.21881029244086	37.0	37.0	37.0	37.0	37.0
35-39	36.19097906410532	37.0	37.0	37.0	37.0	37.0
40-44	36.158083367075434	37.0	37.0	37.0	37.0	37.0
45-49	36.12844338157038	37.0	37.0	37.0	37.0	37.0
50-54	36.10680336295359	37.0	37.0	37.0	37.0	37.0
55-59	36.062347188264056	37.0	37.0	37.0	37.0	37.0
60-64	36.023552506865336	37.0	37.0	37.0	37.0	37.0
65-69	35.981369367276095	37.0	37.0	37.0	37.0	37.0
70-74	35.923609781606686	37.0	37.0	37.0	37.0	37.0
75-79	35.891059674057765	37.0	37.0	37.0	37.0	37.0
80-84	35.84182710278439	37.0	37.0	37.0	37.0	37.0
85-89	35.81191099108423	37.0	37.0	37.0	37.0	37.0
90-94	35.74778126386643	37.0	37.0	37.0	37.0	37.0
95-99	35.68914832759326	37.0	37.0	37.0	37.0	37.0
100-101	35.587753524223444	37.0	37.0	37.0	37.0	37.0
>>END_MODULE
>>Per sequence quality scores	pass
#Quality	Count
15	6.0
16	28.0
17	96.0
18	207.0
19	297.0
20	657.0
21	1504.0
22	3274.0
23	6879.0
24	12997.0
25	23434.0
26	36532.0
27	55593.0
28	77918.0
29	110422.0
30	145063.0
31	191934.0
32	240587.0
33	326066.0
34	469674.0
35	1003548.0
36	8642267.0
37	2664175.0
>>END_MODULE
>>Per base sequence content	fail
#Base	G	A	T	C
1	21.039818728659103	29.514289610093858	25.905717771544712	23.540173889702327
2	29.863126791177418	26.30948218976288	21.255316106427287	22.572074912632413
3	19.922405632353417	11.824152736659075	27.290330891129173	40.96311073985833
4	27.212165949340132	16.997684459675856	35.65436136244657	20.135788228537436
5	47.40422537161145	12.873836147426582	12.371679531480341	27.35025894948162
6	47.40551701479424	6.361121454564346	20.019470272154212	26.213891258487205
7	47.66662101901124	13.516805984785844	18.837978630474712	19.978594365728206
8	61.46039040310474	11.227491421098042	11.212277147826146	16.09984102797107
9	50.03610960535484	23.164169109417244	7.7596972844720415	19.040024000755874
10-14	44.34583080100342	24.921020779089808	17.12246844852396	13.610679971382812
15-19	25.800412363765346	34.626700209841324	22.592120535748055	16.980766890645274
20-24	24.6988083611095	33.48799277501727	25.066715527423067	16.746483336450165
25-29	23.041974587905813	32.73976381198311	26.312668185397172	17.905593414713906
30-34	22.919042418745924	31.954954684423146	25.91884979907096	19.207153097759967
35-39	23.23322639201466	31.335589479497617	26.05078105793478	19.38040307055294
40-44	22.948838429691698	31.419716263639913	26.16653139290414	19.46491391376425
45-49	23.123100428564598	31.440471756316725	26.021001382191578	19.4154264329271
50-54	23.461548419432074	31.475143541828736	25.709794978739943	19.353513059999248
55-59	23.189545428574974	31.708166041765917	25.781351929722764	19.32093659993635
60-64	22.945897019148266	32.0123091659176	25.775049296364937	19.2667445185692
65-69	23.17801573564563	31.72801217023601	25.80865145931445	19.285320634803913
70-74	22.856000723894855	31.746868964197283	26.15985014954027	19.237280162367597
75-79	22.74350035143265	32.20746521627453	26.096236653280958	18.952797779011863
80-84	23.04458322934171	32.26832497211441	25.940670491160578	18.746421307383304
85-89	22.896855880127674	32.14189269065979	25.892657776351307	19.068593652861235
90-94	22.78582062352855	32.33561103550836	26.00717734014242	18.871391000820672
95-99	23.191183600441814	32.16487247200096	26.02780329744373	18.6161406301135
100-101	22.799307622164825	32.2811960016436	26.091010320443115	18.82848605574846
>>END_MODULE
>>Per base GC content	fail
#Base	%GC
1	44.57999261836144
2	52.43520170380983
3	60.885516372211754
4	47.34795417787757
5	74.75448432109307
6	73.61940827328144
7	67.64521538473944
8	77.5602314310758
9	69.07613360611072
10-14	57.956510772386224
15-19	42.78117925441062
20-24	41.44529169755966
25-29	40.94756800261972
30-34	42.126195516505895
35-39	42.6136294625676
40-44	42.41375234345595
45-49	42.5385268614917
50-54	42.81506147943132
55-59	42.51048202851132
60-64	42.21264153771747
65-69	42.46333637044955
70-74	42.09328088626245
75-79	41.69629813044452
80-84	41.79100453672502
85-89	41.96544953298891
90-94	41.65721162434922
95-99	41.80732423055531
100-101	41.62779367791329
>>END_MODULE
>>Per sequence GC content	warn
#GC Content	Count
0	197.0
1	191.5
2	221.0
3	358.0
4	1305.0
5	5313.5
6	13732.5
7	23497.0
8	30676.5
9	33423.5
10	31863.0
11	27526.5
12	22127.0
13	17692.0
14	14952.5
15	13216.0
16	12080.0
17	11385.0
18	10898.0
19	11128.0
20	11844.5
21	12653.0
22	14162.0
23	16624.5
24	20382.5
25	26082.5
26	34506.0
27	46607.0
28	63075.5
29	84552.0
30	113310.5
31	150973.0
32	191561.5
33	232542.5
34	277099.5
35	324574.5
36	371859.0
37	419263.0
38	467315.0
39	512992.0
40	560419.0
41	600446.0
42	619134.5
43	623563.0
44	626369.0
45	626154.5
46	614475.5
47	587177.5
48	542923.5
49	494098.0
50	455395.5
51	429279.5
52	408156.0
53	372242.0
54	325089.5
55	288699.5
56	264486.0
57	248315.0
58	236523.0
59	218847.5
60	192564.5
61	165801.0
62	143659.0
63	125472.0
64	109985.0
65	91794.5
66	71337.5
67	54628.5
68	45766.5
69	43917.5
70	41253.5
71	38044.0
72	32742.0
73	22027.5
74	10696.5
75	4174.0
76	1847.0
77	835.0
78	329.0
79	171.5
80	105.5
81	79.5
82	69.5
83	65.0
84	52.5
85	35.0
86	29.5
87	32.0
88	31.0
89	27.5
90	17.0
91	10.0
92	9.0
93	7.0
94	14.0
95	16.5
96	12.0
97	14.5
98	14.0
99	8.5
100	3.0
>>END_MODULE
>>Per base N content	pass
#Base	N-Count
1	0.03873502318321109
2	0.04253859122975706
3	0.0038749295483573366
4	9.99061025359166E-5
5	0.0
6	0.0
7	1.784037545284225E-4
8	7.1361501811369E-6
9	0.0018982159481824156
10-14	2.982910775715224E-4
15-19	6.679436569544138E-4
20-24	2.426291061586546E-5
25-29	3.625164292017545E-4
30-34	3.6822534934666403E-4
35-39	0.0012630985820612313
40-44	6.650891968819591E-4
45-49	0.0013886948252492407
50-54	0.002203643175935075
55-59	0.005324995265164355
60-64	3.9819718010743904E-4
65-69	0.005300732354548489
70-74	0.016294685323607998
75-79	0.005711774604981975
80-84	6.993427177514163E-5
85-89	1.5556807394878443E-4
90-94	1.42723003622738E-6
95-99	0.0
100-101	0.0
>>END_MODULE
>>Sequence Length Distribution	pass
#Length	Count
101	1.4013158E7
>>END_MODULE
>>Sequence Duplication Levels	fail
#Total Duplicate Percentage	72.321254021007
#Duplication Level	Relative count
1	100.0
2	57.64896622576089
3	44.38968794144086
4	33.677924746372156
5	22.919609605753177
6	15.883844869654553
7	10.451714395787851
8	6.98921279054835
9	4.754719404135097
10++	24.332220367278797
>>END_MODULE
>>Overrepresented sequences	pass
>>END_MODULE
>>Kmer Content	fail
#Sequence	Count	Obs/Exp Overall	Obs/Exp Max	Max Obs/Exp Position
AAAAA	31735300	8.93177	12.702971	95-97
CTGGG	7414230	6.782582	312.82745	3
CCTGG	3901320	4.830672	224.04807	5
TGGGG	6986350	4.721852	214.37987	4
GGGGG	7056090	4.595705	133.49835	5
TTTTT	4767305	3.7362044	4.801893	80-84
TGCCT	2828180	3.6339328	232.16824	3
GCCTG	2900750	3.5917516	223.62975	4
CAGGG	4772530	3.5573378	126.71862	3
GGGGA	6387415	3.517504	84.3284	5
GCTTC	2550420	3.2770388	164.16934	3
CCAGG	2673760	2.6975272	116.04647	5
TGCCA	2552090	2.6718576	119.89565	3
GCATC	2468380	2.5842195	139.78688	3
CTCTG	1816615	2.3341713	55.77178	7
CTGCC	1377090	2.307944	89.712875	2
CTTCT	1730345	2.3071537	59.378616	4
GGGCA	3042555	2.267853	45.356277	5
AGGGG	4115145	2.266181	78.36067	4
CTTCC	1297860	2.257172	74.43002	4
GCCAG	2207175	2.2267947	115.64418	4
TTGCC	1728685	2.22119	78.97397	2
GCTGG	2381620	2.1787202	110.80596	2
GGGGC	2457640	2.1665728	29.910177	5
CTTCA	1993770	2.1660392	44.643734	4
TCTGG	2262710	2.1479876	62.412827	2
TCTCT	1594465	2.1259782	58.003986	6
TTCTC	1570030	2.0933979	46.06744	5
GTGCC	1677210	2.076746	99.5768	2
ATGCC	1959455	2.0514107	105.95794	2
CCCTG	1185865	1.9874588	57.945435	7
GGGGT	2938385	1.985961	47.219955	5
CATCT	1761585	1.9137925	52.524025	4
CACTG	1812425	1.8974807	42.676323	7
GGGAA	4043665	1.8828079	28.827517	6
TTTGC	1864155	1.8363643	15.994627	1
TGCTG	1931380	1.8334564	31.852581	1
TGGGC	2002410	1.8318167	59.829052	4
TTCCC	1029870	1.7910976	49.922	5
TTCAA	2629830	1.7847334	5.5477176	5
GCTGC	1437925	1.7804601	14.381221	1
TGCTT	1780305	1.7537643	26.132416	2
CATCC	1234495	1.7493377	61.62848	4
TCCCT	999515	1.7383056	60.17581	6
TTCAC	1592720	1.7303369	35.64555	5
CCCAG	1266410	1.729357	31.400642	7
ACTGG	2235400	1.7290422	56.39983	2
CATGG	2201140	1.7025427	30.57938	5
CATCA	1887825	1.6710923	37.55981	4
TCACT	1526030	1.6578847	44.27437	6
GGCTT	1744940	1.6564691	35.088215	2
ATGGG	2882290	1.6471041	57.59742	3
TGCAT	2030450	1.6297333	31.72608	3
CTTGC	1267385	1.6284649	23.172562	1
TCCCA	1146710	1.6249422	32.674633	6
TTGCA	2010665	1.6138531	12.190353	2
AGCTT	2001165	1.6062279	30.019276	2
CTGCA	1532870	1.6048065	8.629611	2
TTCCA	1470885	1.5979749	15.007959	5
TTGCT	1601330	1.5774574	5.2824535	1
CAAGG	2494175	1.5718992	14.899705	5
GGGAG	2840900	1.5644634	16.963985	6
TTCTG	1582790	1.5591938	15.064173	1
TCTGC	1207900	1.5520326	23.695185	1
TCCTG	1203170	1.545955	33.066864	1
CAGCA	1806995	1.5414227	6.257354	1
CTGCT	1165740	1.4978613	6.773528	1
GCAGG	1993940	1.4862386	38.300014	2
CAGCT	1403130	1.4689778	7.6212444	1
GGAAA	3730080	1.4684879	8.202155	7
GGAAG	3152010	1.4676362	10.062081	7
TGCAA	2210570	1.4456927	15.417759	3
AGCTG	1859755	1.4384875	18.56299	1
GCAAG	2278740	1.4361262	14.815084	4
TCTCA	1321400	1.4355739	31.649237	6
GGCAA	2255755	1.4216403	12.960021	6
ATCTC	1306770	1.4196798	41.572865	5
GGCAG	1891970	1.4102324	10.235992	6
TGCAG	1822525	1.4096907	13.583326	1
GGCTG	1537165	1.4062077	25.56055	1
CCAAG	1648155	1.4059273	5.12203	7
CCTGC	837130	1.4029939	14.630143	1
GGCAT	1801115	1.3931304	29.620916	2
CGCTG	1121095	1.3881564	44.587856	1
TGGCT	1451660	1.3780588	7.7615614	1
GGGCT	1504745	1.3765495	12.1731415	8
AGCAG	2173515	1.3698102	8.587708	1
CCATG	1303780	1.3649654	22.305908	7
TCCAT	1253785	1.3621167	23.160652	6
TCACA	1530720	1.3549849	23.66599	6
CACAG	1583110	1.3504418	22.776712	7
CGTGC	1075395	1.33157	25.928146	1
CTCAG	1266935	1.3263913	30.49723	7
GCATG	1706510	1.3199553	30.41529	4
ACTGC	1248540	1.307133	24.382086	1
GGGAC	1746730	1.3019737	19.631878	6
ATTGC	1611150	1.2931838	22.820578	1
GGAGC	1731130	1.2903458	5.1107626	8
TCCAA	1456130	1.2889583	5.364526	6
CATGC	1230205	1.2879375	27.813118	1
GGGAT	2241275	1.2807916	19.675259	6
GGGCC	1067455	1.273713	9.311649	7
AAGCA	2341265	1.2475839	7.0106745	1
TTCAG	1548845	1.2431749	8.45511	1
GGGTG	1837780	1.2420969	11.271727	6
AATGC	1874025	1.2255954	28.964787	1
TGTGC	1288225	1.2229102	21.941097	1
CAATG	1864125	1.2191207	7.962892	7
AAGCT	1848470	1.2088826	8.796282	1
AACTG	1838400	1.2022969	9.5593815	1
CGCTT	934455	1.2006828	35.256504	2
ATGCA	1832415	1.1983829	15.795475	2
TCAGG	1548125	1.1974473	31.081886	2
GAGCT	1535130	1.1873958	6.1603827	1
TCCAG	1125755	1.1785859	12.576222	1
ATCCC	823655	1.167158	41.2795	5
ATCAC	1317340	1.1661022	30.83133	5
GTTGC	1220315	1.1584433	13.612336	1
GATGC	1481340	1.1457902	19.614937	1
GGTGC	1241445	1.1356813	19.828234	1
ATCCA	1277240	1.1306058	12.551641	5
GTGCA	1457710	1.1275128	12.880014	2
GGGTT	1605860	1.1262727	12.466464	6
AGGGC	1506695	1.123057	18.36674	4
TCATG	1379515	1.1072627	9.701385	1
TGGCA	1419250	1.0977647	6.9033527	1
TCAAT	1612940	1.0946213	8.294401	6
ACAGG	1726540	1.088114	24.65138	2
AAGGG	2334275	1.0868832	10.963534	6
ACCTG	1035310	1.0838963	22.898796	1
GTCTG	1127960	1.0707709	16.399956	1
CGCAG	1058700	1.0681108	11.717232	1
GGCAC	1058195	1.0676013	12.105976	6
AGCAT	1614755	1.056035	24.756184	2
ATCTG	1309990	1.0514588	12.460018	1
GATGG	1828615	1.0449743	15.486157	2
GTGCT	1100350	1.0445608	6.411063	1
GGATT	1760675	1.0440865	5.0003858	7
ATGCT	1298400	1.0421561	7.576991	1
ACCAG	1214510	1.0360147	10.418019	1
CCGCA	758335	1.035551	7.0270557	1
AGGCA	1618460	1.019999	7.1396	1
AGTGC	1300200	1.0056816	24.607367	1
GGATG	1753645	1.0021323	7.4033384	7
TGGGA	1746430	0.99800926	19.348663	4
GGACA	1582540	0.99736124	5.964385	7
GGAAC	1582050	0.9970525	5.7638817	7
TCGCT	774640	0.99533623	8.950711	1
AGGGA	2115995	0.9852478	6.2444644	4
GGGTC	1074970	0.98338884	12.038722	6
ATCAG	1492225	0.97590166	7.015822	1
TACTG	1214535	0.9748422	18.038841	1
TGGGT	1377735	0.96627694	19.034243	4
AGGCT	1248915	0.96601355	9.163048	1
AATGG	1928505	0.9318061	6.731621	2
GGAAT	1914615	0.9250948	5.056355	7
GGATC	1195710	0.9248604	5.940424	7
ACATG	1405745	0.9193444	7.0942264	1
CGCAT	870495	0.9113467	29.866102	2
GACTG	1176930	0.91033447	11.956976	1
TTCTA	1074095	0.8946247	8.248369	5
GGGCG	1000090	0.88164574	9.704134	5
CGGCA	871525	0.8792721	11.099247	1
TCTCG	679890	0.87359166	7.275756	5
TCGCA	829535	0.8684645	8.05673	1
CGATG	1117770	0.8645753	6.9810667	1
CGGCT	656165	0.8124732	12.149724	1
TATGC	1007505	0.8086703	23.732979	1
CCGCT	471940	0.7909512	7.4716635	1
GCGCT	633160	0.783988	8.215007	1
CTCGG	628120	0.77774745	13.524001	6
GTCAG	988630	0.7646877	6.3281984	1
GGGTA	1329465	0.7597317	12.811242	6
TAGCA	1156895	0.7565989	6.6295104	1
TATGG	1270610	0.7534762	14.189843	2
GCGCA	745320	0.7519452	6.3532	1
TACAG	1143395	0.74777	8.335692	1
CTATG	906435	0.7275468	12.611812	7
CACGG	717055	0.7234289	17.640806	6
TCTAT	860285	0.71654016	13.084108	6
TCACG	679295	0.71117383	8.223169	5
ACTCG	654505	0.6852204	5.487021	5
AGGGT	1198290	0.6847709	5.5058208	4
ACGCA	773135	0.6595081	8.173521	1
ACGCT	625265	0.65460825	10.04868	1
TAGCT	794780	0.63792735	7.2353272	1
ATCTA	934645	0.63429654	6.855657	5
CGGGC	525915	0.6275345	8.253227	8
CGGGG	707870	0.62403446	21.55099	8
ACACG	708380	0.6042701	8.216372	5
TCGGG	638335	0.58395267	11.184234	7
ACGGG	765160	0.57033324	17.533781	7
TAGGG	541310	0.30933526	5.582228	7
>>END_MODULE
