##FastQC	0.10.1
>>Basic Statistics	pass
#Measure	Value	
Filename	Acer-019_S25_L001_R1_001.fastq.gz	
File type	Conventional base calls	
Encoding	Sanger / Illumina 1.9	
Total Sequences	13340389	
Filtered Sequences	0	
Sequence length	101	
%GC	44	
>>END_MODULE
>>Per base sequence quality	pass
#Base	Mean	Median	Lower Quartile	Upper Quartile	10th Percentile	90th Percentile
1	36.261920098431915	37.0	37.0	37.0	37.0	37.0
2	36.34216296091516	37.0	37.0	37.0	37.0	37.0
3	36.30651347573148	37.0	37.0	37.0	37.0	37.0
4	36.321410792443906	37.0	37.0	37.0	37.0	37.0
5	36.479542613037744	37.0	37.0	37.0	37.0	37.0
6	36.52031248863882	37.0	37.0	37.0	37.0	37.0
7	36.54123953956665	37.0	37.0	37.0	37.0	37.0
8	36.53743485291171	37.0	37.0	37.0	37.0	37.0
9	36.5442142654161	37.0	37.0	37.0	37.0	37.0
10-14	36.42084652853826	37.0	37.0	37.0	37.0	37.0
15-19	36.332747778194474	37.0	37.0	37.0	37.0	37.0
20-24	36.31590858407502	37.0	37.0	37.0	37.0	37.0
25-29	36.23402001245991	37.0	37.0	37.0	37.0	37.0
30-34	36.19961941139797	37.0	37.0	37.0	37.0	37.0
35-39	36.17590005808676	37.0	37.0	37.0	37.0	37.0
40-44	36.147953166882914	37.0	37.0	37.0	37.0	37.0
45-49	36.12573690317426	37.0	37.0	37.0	37.0	37.0
50-54	36.11071891531798	37.0	37.0	37.0	37.0	37.0
55-59	36.070223844297196	37.0	37.0	37.0	37.0	37.0
60-64	36.03659488490178	37.0	37.0	37.0	37.0	37.0
65-69	36.00042232651536	37.0	37.0	37.0	37.0	37.0
70-74	35.94433483161548	37.0	37.0	37.0	37.0	37.0
75-79	35.920144952294876	37.0	37.0	37.0	37.0	37.0
80-84	35.87812070547568	37.0	37.0	37.0	37.0	37.0
85-89	35.85289470944213	37.0	37.0	37.0	37.0	37.0
90-94	35.79115722937314	37.0	37.0	37.0	37.0	37.0
95-99	35.73988082356518	37.0	37.0	37.0	37.0	37.0
100-101	35.64569301539858	37.0	37.0	37.0	37.0	37.0
>>END_MODULE
>>Per sequence quality scores	pass
#Quality	Count
14	1.0
15	6.0
16	46.0
17	92.0
18	180.0
19	300.0
20	570.0
21	1266.0
22	2717.0
23	5888.0
24	11499.0
25	21331.0
26	33740.0
27	51592.0
28	72039.0
29	102223.0
30	135314.0
31	179584.0
32	225617.0
33	306846.0
34	442739.0
35	963280.0
36	8328613.0
37	2454906.0
>>END_MODULE
>>Per base sequence content	fail
#Base	G	A	T	C
1	20.982783685393077	29.353073255612877	25.813523395551393	23.850619663442654
2	29.95588069978035	26.247297710672452	21.230044380276855	22.566777209270338
3	20.09055563905632	11.766198533493405	27.257397282506236	40.88584854494405
4	27.17227898847551	16.860345571891173	35.652337913338144	20.315037526295168
5	47.348806695217064	12.859744944469009	12.430379653846675	27.361068706467258
6	47.34791466725595	6.24920307796122	20.21806110751343	26.184821147269393
7	47.603198473924465	13.400865733628518	18.834683796436707	20.161251996010304
8	60.93841498463163	11.344287737358163	11.287865090580574	16.429432187429633
9	49.46197643469827	23.36638300609245	7.974252409385761	19.197388149823517
10-14	44.10111834826792	25.094671412128513	17.281155181477814	13.523055058125752
15-19	25.502712037716208	35.20049607275734	22.79628888739034	16.500503002136114
20-24	24.261031402678793	33.98493875461248	25.57113160204187	16.182898240666862
25-29	22.65257854532535	33.07420691875248	26.916261387007385	17.356953148914783
30-34	22.558123897751024	32.19254173375954	26.42160442849316	18.827729939996278
35-39	22.96690074186514	31.540502077687748	26.4740617662037	19.018535414243416
40-44	22.666134844862654	31.583594621653415	26.634882792811084	19.115387740672855
45-49	22.9114193076585	31.538647973177742	26.463965000592044	19.085967718571712
50-54	23.283591286384972	31.569858342024553	26.135384853879163	19.011165517711316
55-59	23.026341445072113	31.746659662587685	26.269860014524816	18.95713887781539
60-64	22.858948551378532	32.014103390783646	26.31444570594838	18.812502351889435
65-69	22.952651480792866	31.80436589249006	26.264672955374184	18.978309671342892
70-74	22.722097361856168	31.72580120811907	26.65272254434909	18.899378885675674
75-79	22.49729546005366	32.182762205813106	26.638625860566954	18.681316473566277
80-84	22.765830173627762	32.211108260950326	26.508365804926964	18.51469576049494
85-89	22.68439882931578	32.110679034120295	26.395748831362948	18.80917330520098
90-94	22.617809720541132	32.33873015247157	26.45617905145045	18.58728107553685
95-99	23.015721655492953	31.995327872373135	26.568076837939287	18.420873634194628
100-101	22.634306240994924	32.03930185244223	26.695604603433974	18.63078730312887
>>END_MODULE
>>Per base GC content	fail
#Base	%GC
1	44.83340334883573
2	52.52265790905069
3	60.976404184000366
4	47.48731651477068
5	74.70987540168431
6	73.53273581452535
7	67.76445046993477
8	77.36784717206126
9	68.65936458452178
10-14	57.62417340639367
15-19	42.00321503985233
20-24	40.443929643345655
25-29	40.00953169424014
30-34	41.3858538377473
35-39	41.985436156108555
40-44	41.781522585535505
45-49	41.997387026230214
50-54	42.29475680409628
55-59	41.9834803228875
60-64	41.67145090326797
65-69	41.93096115213575
70-74	41.62147624753184
75-79	41.17861193361993
80-84	41.28052593412271
85-89	41.493572134516754
90-94	41.20509079607799
95-99	41.43659528968758
100-101	41.265093544123786
>>END_MODULE
>>Per sequence GC content	warn
#GC Content	Count
0	111.0
1	111.5
2	132.0
3	225.0
4	912.5
5	3737.0
6	9513.5
7	16466.5
8	21616.5
9	23404.5
10	22205.0
11	18914.5
12	15125.0
13	12147.5
14	10301.0
15	9421.0
16	8941.0
17	8711.5
18	8752.5
19	9001.0
20	9601.5
21	10763.0
22	12428.5
23	14914.5
24	18892.5
25	24806.0
26	33225.5
27	45746.5
28	62524.5
29	83219.0
30	112009.0
31	148312.5
32	187993.5
33	231168.5
34	278099.5
35	330069.0
36	382523.0
37	430670.0
38	472704.0
39	513276.0
40	559478.0
41	601604.5
42	626441.0
43	636985.5
44	643709.5
45	641972.0
46	627122.0
47	599781.0
48	556457.0
49	503476.5
50	453354.0
51	415896.0
52	383921.0
53	338700.0
54	284204.0
55	239965.0
56	210542.5
57	189892.0
58	175516.0
59	161875.0
60	144495.5
61	125740.5
62	106877.5
63	89979.0
64	76101.5
65	63223.5
66	52719.0
67	42116.5
68	34306.0
69	33102.5
70	32817.5
71	30692.0
72	25138.0
73	16308.5
74	7724.0
75	2892.0
76	1161.0
77	499.0
78	217.0
79	120.0
80	89.5
81	80.0
82	72.5
83	67.0
84	56.0
85	41.5
86	34.0
87	29.0
88	21.5
89	12.0
90	10.0
91	14.5
92	14.5
93	14.0
94	12.0
95	13.5
96	13.5
97	8.0
98	11.0
99	9.0
100	2.0
>>END_MODULE
>>Per base N content	pass
#Base	N-Count
1	0.03933168665471449
2	0.04394174712596462
3	0.003927921442170839
4	7.496033286585572E-5
5	0.0
6	0.0
7	2.023928987378104E-4
8	7.4960332865855705E-6
9	0.0020014408875183476
10-14	2.743548182890319E-4
15-19	6.581517225622131E-4
20-24	3.5980959775610744E-5
25-29	4.002881775036695E-4
30-34	3.7480166432927856E-4
35-39	0.0013088074118378407
40-44	6.071786962134312E-4
45-49	0.0013957613979622334
50-54	0.0022488099859756714
55-59	0.0054990900190391755
60-64	3.8229769761586414E-4
65-69	0.005329679666762341
70-74	0.01649427164380289
75-79	0.005861898030109917
80-84	8.245636615244128E-5
85-89	1.469222524170772E-4
90-94	0.0
95-99	0.0
100-101	0.0
>>END_MODULE
>>Sequence Length Distribution	pass
#Length	Count
101	1.3340389E7
>>END_MODULE
>>Sequence Duplication Levels	fail
#Total Duplicate Percentage	78.3169764408219
#Duplication Level	Relative count
1	100.0
2	53.26038680502281
3	46.74970727177293
4	43.05931279525175
5	35.61795938143497
6	28.68332862276416
7	21.665926434368313
8	16.160616949973754
9	11.74143012880042
10++	46.824403440061374
>>END_MODULE
>>Overrepresented sequences	pass
>>END_MODULE
>>Kmer Content	fail
#Sequence	Count	Obs/Exp Overall	Obs/Exp Max	Max Obs/Exp Position
CTGGG	7035105	6.931157	320.73578	3
AAAAA	23029905	6.7039604	9.2809105	95-97
CCTGG	3661610	4.917168	233.29861	5
TGGGG	6548150	4.7331023	214.86542	4
GGGGG	6563955	4.6918406	135.15842	5
TTTTT	5177900	3.913629	6.250848	20-24
CAGGG	4512000	3.6730504	131.45107	3
TGCCT	2700105	3.6666822	235.44766	3
GGGGA	6091605	3.6381593	85.993034	5
GCCTG	2702075	3.6286106	232.79921	4
GCTTC	2356670	3.2003052	167.17435	3
CCAGG	2493050	2.7662828	120.66097	5
TGCCA	2375845	2.6658356	121.547676	3
GCATC	2332190	2.6168523	143.70697	3
GGGCA	2920635	2.37758	49.752403	5
AGGGG	3953875	2.3614182	79.56143	4
GCCAG	2047555	2.2719626	120.26477	4
CTGCC	1225515	2.2432075	93.141945	2
CTCTG	1636100	2.2217872	56.41515	7
CTTCT	1613825	2.2161481	58.75421	4
CTTCC	1185630	2.194571	76.05492	4
GCTGG	2222855	2.1900108	113.6592	2
TTGCC	1610235	2.1866632	79.83197	2
CTTCA	1918010	2.1762855	45.185913	4
GGGGC	2222495	2.165341	31.312828	5
TCTCT	1535620	2.1087549	57.2045	6
ATGCC	1863930	2.0914376	107.71618	2
TCTGG	2055510	2.0478797	62.205727	2
TTCTC	1477205	2.0285378	45.499836	5
GGGGT	2800650	2.0243526	48.674572	5
GTGCC	1504785	2.0207722	103.88668	2
CCCTG	1097155	2.0082545	61.108135	7
CACTG	1770630	1.9867494	43.80956	7
GGGAA	3906680	1.9495312	27.671513	6
CATCT	1678785	1.9048467	52.746517	4
TGGGC	1923390	1.8949704	64.36115	4
TTCCC	999935	1.8508544	51.049248	5
TCCCT	998225	1.847689	61.852684	6
TTCAA	2641400	1.8372304	5.468978	5
TGCTG	1819770	1.8130146	31.575375	1
TTTGC	1784935	1.7982782	15.830252	1
ACTGG	2143235	1.7643198	57.120388	2
CCCAG	1165045	1.7620417	33.08621	7
CATCC	1149065	1.7573882	63.597042	4
CTGCA	1551575	1.7409571	8.609367	2
CATCA	1828600	1.7143769	38.15922	4
TGCAT	2052965	1.7089866	31.182854	3
CATGG	2067145	1.7016822	30.903028	5
TTCAC	1487830	1.6881783	36.094063	5
TGCTT	1666665	1.6791241	25.267092	2
GCTGC	1247065	1.674681	14.520563	1
TCCCA	1094900	1.6745479	33.541557	6
ATGGG	2753680	1.66308	57.96083	3
TCACT	1449570	1.6447661	44.280052	6
TTGCA	1933715	1.6097172	12.037766	2
GGCTT	1615330	1.6093338	35.625473	2
TTCCA	1414890	1.6054163	15.056573	5
TCTGC	1172900	1.5927721	23.73952	1
GGGAG	2666390	1.592479	17.305288	6
CTTGC	1168215	1.58641	23.806091	1
CAAGG	2330405	1.5851178	14.921031	5
TTGCT	1560550	1.5722158	5.0612597	1
AGCTT	1886780	1.5706464	29.898527	2
CAGCA	1660105	1.5391238	6.6497912	1
TTCTG	1520295	1.53166	14.430703	1
GGAAA	3614475	1.5070924	7.243767	7
GGAAG	3017420	1.5057682	9.828956	7
GCAGG	1819055	1.4808246	39.93575	2
TGCAA	2141380	1.4729009	15.03218	3
TCCTG	1078235	1.4642191	33.225174	1
GGCAA	2132200	1.4503009	13.984745	6
ATCTC	1278140	1.4502518	41.64137	5
GCAAG	2125000	1.4454033	14.826735	4
CAGCT	1288155	1.4453846	7.9940333	1
CCAAG	1548340	1.4355036	5.241369	7
GGCAG	1762075	1.4344395	11.509623	6
AGCTG	1732145	1.4259088	18.542776	1
TCTCA	1256650	1.425868	31.79582	6
TGCAG	1707600	1.4057032	13.871021	1
CTGCT	1030630	1.3995726	6.824057	1
ACTGC	1240310	1.3916998	25.012535	1
CACAG	1500475	1.3911268	23.962276	7
GGCAT	1689175	1.3905358	30.667696	2
GGCTG	1411245	1.390393	26.822338	1
CCATG	1225110	1.3746444	23.026587	7
AGCAG	2019140	1.3733987	8.912124	1
GGGCT	1385200	1.3647329	13.264754	5
CTCAG	1203010	1.3498468	31.448719	7
TCACA	1427810	1.3386222	24.268187	6
CGCTG	995380	1.3366936	46.08162	1
GGGAC	1640550	1.3355105	21.439648	6
TCCAT	1168910	1.326313	23.312675	6
CCTGC	719850	1.3176279	15.102815	1
TCCAA	1399090	1.3116962	5.3575153	6
GGGAT	2158800	1.3038034	20.251999	6
AAGCA	2292755	1.3030472	7.1527333	1
GCATG	1582790	1.3029591	30.727575	4
ATTGC	1558515	1.2973827	22.282442	1
TGGCT	1299335	1.2945116	7.8857427	1
TTCAG	1546085	1.2870355	8.427384	1
AACTG	1842805	1.2675327	9.275949	1
CATGC	1129350	1.2671962	28.704016	1
AATGC	1826325	1.2561973	28.50725	1
CAATG	1808575	1.2439884	7.9792295	7
GGAGG	2071355	1.2370992	5.2759314	7
TGTGC	1239840	1.2352375	22.29015	1
CGTGC	915020	1.2287784	27.380943	1
AAGCT	1777370	1.2225246	8.850278	1
GGGTG	1684215	1.2173764	11.657819	6
GGGCC	914815	1.214861	9.118972	7
ATCAC	1287810	1.2073673	31.192514	5
TCAGG	1465985	1.2068048	31.510056	2
ATGCA	1743700	1.1993655	15.539759	2
GGAGA	2399020	1.197171	5.0539994	7
TCCAG	1061780	1.1913786	12.689261	1
ATCCC	765880	1.1713424	42.703438	5
GATGC	1406895	1.1581616	19.88213	1
GAGCT	1405155	1.1567293	6.2860117	1
GTTGC	1160180	1.1558732	13.554272	1
CGCTT	848710	1.1525292	36.501995	2
ATCCA	1215260	1.1393492	12.706344	5
GTGCA	1368750	1.1267604	12.839913	2
AGGGC	1378875	1.1224905	20.070969	4
ACAGG	1643360	1.1177968	25.250399	2
ATCTG	1335850	1.1120257	12.1220665	1
TCAAT	1595395	1.1096798	8.103238	6
AAGGG	2217545	1.1066104	10.885109	6
GGCAC	991545	1.1002164	13.109876	6
GGGTT	1496990	1.094198	12.546617	6
ACCTG	971500	1.0900792	23.25121	1
TCATG	1305170	1.0864862	9.669045	1
AGCAT	1578730	1.0858947	24.859814	2
GGTGC	1092960	1.0768108	20.164217	1
TGGCA	1306895	1.0758412	6.968874	1
AGGCA	1549365	1.0538623	7.750648	1
GGAAC	1547575	1.0526447	5.968108	7
ACCAG	1129070	1.0467882	10.617525	1
ATGCT	1247585	1.0385498	7.4099727	1
CGCAG	932865	1.035105	12.28768	1
GTCTG	1034040	1.0302014	16.407396	1
CCGCA	676985	1.023888	7.7477264	1
GATGG	1693195	1.022602	15.580175	2
AGGGA	2044085	1.0200496	6.5874214	4
GGATG	1687155	1.0189542	7.5515523	7
GTGCT	1019655	1.0158697	6.401635	1
GGATT	1659980	1.0137998	5.1599126	7
TGGGA	1677700	1.0132437	20.08962	4
AGTGC	1216270	1.0012383	24.860353	1
ATCAG	1454660	1.0005559	6.881844	1
GGGTC	1014010	0.9990274	12.3322735	6
GGACA	1468305	0.9987261	6.425646	7
TCGCT	729670	0.99087566	9.27671	1
GACTG	1190260	0.97982687	12.086947	1
AGGCT	1184675	0.97522926	9.476566	1
AATGG	1920945	0.969364	6.6423225	2
TGGGT	1294940	0.946513	19.287176	4
CGCAT	823675	0.924211	30.439835	2
GGATC	1122460	0.92401356	5.9298215	7
TACTG	1109445	0.9235554	17.70894	1
ACATG	1338815	0.9208743	6.9686465	1
TTCTA	1080320	0.909409	8.114672	5
TCTCG	638745	0.86740154	7.0974746	5
GGACG	1033900	0.8416594	5.33731	7
TCGCA	748355	0.8396977	8.011461	1
CGATG	1019395	0.83917004	7.0667686	1
GGGCG	857855	0.83579427	10.084497	5
CGGCA	742875	0.82429254	11.744254	1
TAGCA	1152835	0.79295206	6.5937223	1
TATGC	949050	0.79003483	23.160051	1
GGGTA	1299260	0.7846857	13.101717	6
CGGCT	582615	0.7823925	12.844738	1
GGACT	946250	0.77895683	5.3281765	7
GTCAG	942230	0.7756475	6.422664	1
TACAG	1114895	0.76685596	8.188904	1
TATGG	1249320	0.7629973	13.952309	2
CTCGG	564685	0.75831425	13.516516	6
CCGCT	410470	0.7513325	8.124904	1
GCGCT	549225	0.7375531	8.823017	1
GCGCA	663880	0.73663986	6.6735325	1
CTATG	876935	0.7300028	12.654108	7
TCTAT	862395	0.7259606	12.796614	6
CACGG	650180	0.72143835	17.78782	6
TCACG	626200	0.70263267	8.038367	5
ACGCA	755960	0.7008689	8.384128	1
ACTCG	624040	0.700209	5.4116955	5
AGGGT	1133035	0.6842944	5.5985937	4
TAGCT	796375	0.66294086	7.142892	1
ACGCT	575485	0.6457276	10.418168	1
CGGGG	636550	0.62018037	21.383608	8
ACACG	644285	0.59733224	8.211516	5
ATCTA	856200	0.5955314	6.829729	5
CGGGC	432220	0.5739819	8.934763	8
ACGGG	679710	0.5533265	17.495981	7
TCGGG	547200	0.5391148	11.119114	7
TAGGG	580370	0.3505134	5.5208755	7
>>END_MODULE
