##FastQC	0.10.1
>>Basic Statistics	pass
#Measure	Value	
Filename	Acer-055_S36_L001_R1_001.fastq.gz	
File type	Conventional base calls	
Encoding	Sanger / Illumina 1.9	
Total Sequences	11795849	
Filtered Sequences	0	
Sequence length	101	
%GC	44	
>>END_MODULE
>>Per base sequence quality	pass
#Base	Mean	Median	Lower Quartile	Upper Quartile	10th Percentile	90th Percentile
1	36.29466543696855	37.0	37.0	37.0	37.0	37.0
2	36.360828711862965	37.0	37.0	37.0	37.0	37.0
3	36.322145612409926	37.0	37.0	37.0	37.0	37.0
4	36.34363308652052	37.0	37.0	37.0	37.0	37.0
5	36.48783796740701	37.0	37.0	37.0	37.0	37.0
6	36.527817116004115	37.0	37.0	37.0	37.0	37.0
7	36.553137802967804	37.0	37.0	37.0	37.0	37.0
8	36.541589079344774	37.0	37.0	37.0	37.0	37.0
9	36.55541860530768	37.0	37.0	37.0	37.0	37.0
10-14	36.43338884721227	37.0	37.0	37.0	37.0	37.0
15-19	36.34577044857051	37.0	37.0	37.0	37.0	37.0
20-24	36.329605321329566	37.0	37.0	37.0	37.0	37.0
25-29	36.250274516060685	37.0	37.0	37.0	37.0	37.0
30-34	36.22359518166094	37.0	37.0	37.0	37.0	37.0
35-39	36.19592183657149	37.0	37.0	37.0	37.0	37.0
40-44	36.16728079513395	37.0	37.0	37.0	37.0	37.0
45-49	36.14861416079504	37.0	37.0	37.0	37.0	37.0
50-54	36.134357009826076	37.0	37.0	37.0	37.0	37.0
55-59	36.09236199954747	37.0	37.0	37.0	37.0	37.0
60-64	36.061320571329794	37.0	37.0	37.0	37.0	37.0
65-69	36.02206174392364	37.0	37.0	37.0	37.0	37.0
70-74	35.96944559056326	37.0	37.0	37.0	37.0	37.0
75-79	35.943566808968136	37.0	37.0	37.0	37.0	37.0
80-84	35.90014158370458	37.0	37.0	37.0	37.0	37.0
85-89	35.874501920124615	37.0	37.0	37.0	37.0	37.0
90-94	35.813063612462315	37.0	37.0	37.0	37.0	37.0
95-99	35.76702504414901	37.0	37.0	37.0	37.0	37.0
100-101	35.667506086251194	37.0	37.0	37.0	37.0	37.0
>>END_MODULE
>>Per sequence quality scores	pass
#Quality	Count
14	1.0
15	7.0
16	27.0
17	81.0
18	151.0
19	260.0
20	474.0
21	976.0
22	2193.0
23	4585.0
24	9435.0
25	17759.0
26	28210.0
27	44295.0
28	62747.0
29	89249.0
30	117618.0
31	156751.0
32	197109.0
33	266882.0
34	383650.0
35	824057.0
36	7321712.0
37	2267620.0
>>END_MODULE
>>Per base sequence content	fail
#Base	G	A	T	C
1	21.049800745623287	29.463144958248133	25.92688332468706	23.560170971441522
2	29.92441426590088	26.136069587625588	21.163454266606518	22.77606187986702
3	19.97229095648678	11.638730840350247	27.237911777165845	41.15106642599712
4	27.14708430111851	16.8550947732903	35.79373022712934	20.204090698461847
5	47.518020958050585	12.74858638831338	12.393071494896212	27.340321158739822
6	47.52631201026734	6.213431521546266	20.11204110869849	26.148215359487903
7	47.783817015889184	13.299149478518752	18.866391846197747	20.050641659394316
8	61.7062578539281	11.106559604145492	11.086840803065554	16.10034173886085
9	49.773823209253585	23.321981681367014	7.801959028929333	19.102236080450062
10-14	44.22519968815387	25.067761730526616	17.15261716411446	13.55442141720505
15-19	25.661786874834284	34.84318844836699	22.71141728322351	16.783607393575213
20-24	24.48073800889415	33.58444544084032	25.403781517342498	16.53103503292303
25-29	22.806711934073626	32.78304995509758	26.700066800040677	17.710171310788112
30-34	22.715031929078076	31.85169798665786	26.289309396021093	19.14396068824297
35-39	23.051241873222782	31.23739328396437	26.42613872543757	19.285226117375277
40-44	22.859635663625784	31.292162042701104	26.52915115383144	19.319051139841676
45-49	23.040216941784607	31.281786317611886	26.373472676091282	19.304524064512226
50-54	23.39860076757217	31.18203736867095	26.13314677307894	19.28621509067794
55-59	23.066251467524005	31.48128450882517	26.201830075493206	19.25063394815762
60-64	22.832533481263876	31.81636029252498	26.17481457096167	19.17629165524947
65-69	23.077199329538814	31.50200739719725	26.192488990586547	19.228304282677392
70-74	22.75981602302775	31.45925946802989	26.595459751993378	19.185464756948985
75-79	22.64821387849522	31.90733494548603	26.600626361967468	18.84382481405128
80-84	22.908299098383868	32.05650018798152	26.417447967505563	18.617752746129053
85-89	22.772367694301828	31.87190941723695	26.359246030734106	18.99647685772712
90-94	22.67687556868522	32.04641395460386	26.447715632846773	18.82899484386414
95-99	23.107437201001808	31.78197347219348	26.513574393839733	18.597014932964978
100-101	22.697709168708418	31.91553231988643	26.623272305367763	18.763486206037395
>>END_MODULE
>>Per base GC content	fail
#Base	%GC
1	44.60997171706481
2	52.700476145767894
3	61.12335738248391
4	47.35117499958036
5	74.85834211679041
6	73.67452736975524
7	67.8344586752835
8	77.80659959278896
9	68.87605928970365
10-14	57.77962110535893
15-19	42.4453942684095
20-24	41.01177304181717
25-29	40.51688324486174
30-34	41.85899261732104
35-39	42.33646799059807
40-44	42.17868680346746
45-49	42.34474100629683
50-54	42.68481585825011
55-59	42.316885415681625
60-64	42.00882513651335
65-69	42.30550361221621
70-74	41.94528077997673
75-79	41.4920386925465
80-84	41.52605184451292
85-89	41.768844552028945
90-94	41.50587041254936
95-99	41.70445213396678
100-101	41.46119537474581
>>END_MODULE
>>Per sequence GC content	warn
#GC Content	Count
0	103.0
1	102.0
2	120.5
3	203.5
4	848.5
5	3516.5
6	8886.5
7	15535.0
8	20312.5
9	21720.0
10	20625.0
11	17593.0
12	14052.0
13	11126.0
14	9141.0
15	8185.0
16	7652.5
17	7364.0
18	7169.0
19	7337.5
20	7848.5
21	8534.0
22	9855.0
23	11815.5
24	14702.5
25	19429.5
26	26330.0
27	37156.5
28	52041.0
29	70149.5
30	94131.5
31	125735.5
32	161278.5
33	197339.5
34	235490.5
35	277673.5
36	322769.5
37	367174.5
38	409623.5
39	452589.5
40	495364.5
41	531419.0
42	550997.0
43	555865.0
44	559150.0
45	557527.5
46	545110.5
47	522519.5
48	483492.0
49	435632.0
50	395112.5
51	365859.5
52	341439.0
53	304873.0
54	259343.0
55	223751.0
56	197998.0
57	178455.5
58	165323.5
59	151604.0
60	133858.5
61	116272.0
62	101424.0
63	91290.0
64	84724.5
65	73979.5
66	57920.0
67	43486.5
68	37094.0
69	36901.5
70	34565.5
71	29844.0
72	23551.5
73	14774.5
74	6751.5
75	2564.0
76	1140.0
77	554.5
78	286.0
79	193.5
80	114.0
81	78.0
82	65.0
83	60.5
84	56.5
85	43.0
86	28.0
87	23.5
88	20.0
89	19.5
90	21.0
91	17.0
92	13.0
93	11.0
94	10.0
95	8.5
96	8.0
97	8.0
98	13.5
99	9.5
100	0.5
>>END_MODULE
>>Per base N content	pass
#Base	N-Count
1	0.03933587145783233
2	0.04350683024172317
3	0.0035775296886218196
4	1.271633775576476E-4
5	0.0
6	0.0
7	2.2889407960376568E-4
8	0.0
9	0.0017718097273032236
10-14	2.678908487214443E-4
15-19	6.154707473790145E-4
20-24	1.695511700768635E-5
25-29	4.052272964837037E-4
30-34	4.204869017906214E-4
35-39	0.001290284404284931
40-44	6.714226335043793E-4
45-49	0.0014276208520471905
50-54	0.002268594655628433
55-59	0.005439201536065781
60-64	3.6283950396448787E-4
65-69	0.005296778553201215
70-74	0.01643120389214884
75-79	0.005835951274045641
80-84	7.29070031330513E-5
85-89	1.3055440095918486E-4
90-94	0.0
95-99	0.0
100-101	0.0
>>END_MODULE
>>Sequence Length Distribution	pass
#Length	Count
101	1.1795849E7
>>END_MODULE
>>Sequence Duplication Levels	fail
#Total Duplicate Percentage	78.03165187251305
#Duplication Level	Relative count
1	100.0
2	55.231759488205974
3	47.56073629263315
4	41.451783821971034
5	34.071195886808745
6	26.741630362259116
7	20.02825856587778
8	14.474665410730406
9	10.414458966207466
10++	42.50559284116331
>>END_MODULE
>>Overrepresented sequences	pass
>>END_MODULE
>>Kmer Content	warn
#Sequence	Count	Obs/Exp Overall	Obs/Exp Max	Max Obs/Exp Position
AAAAA	20693265	7.090713	9.902464	95-97
CTGGG	6265025	6.8331356	318.00742	3
CCTGG	3272200	4.8307943	227.58089	5
TGGGG	5914465	4.7657495	217.76093	4
GGGGG	5954265	4.7076297	136.70265	5
TTTTT	4215635	3.6647563	4.6486883	95-97
GGGGA	5437855	3.6372995	87.56139	5
CAGGG	4000670	3.622144	129.38525	3
TGCCT	2379350	3.5799644	231.3736	3
GCCTG	2415510	3.566051	227.0164	4
GCTTC	2117950	3.1866624	163.33577	3
CCAGG	2211420	2.7101026	117.52121	5
TGCCA	2118915	2.6464863	119.31374	3
GCATC	2064420	2.5784228	139.86374	3
GGGCA	2563870	2.3212879	47.05543	5
AGGGG	3466065	2.318399	80.28005	4
CTCTG	1510415	2.2725668	54.75599	7
CTGCC	1118225	2.234547	91.14851	2
GCCAG	1812470	2.221188	117.113655	4
CTTCT	1441355	2.2102067	58.125023	4
TTGCC	1453690	2.1872182	77.935524	2
CTTCC	1068270	2.1756191	73.67251	4
GGGGC	2024115	2.1661613	30.64383	5
CTTCA	1696520	2.1595173	44.53212	4
TCTGG	1941500	2.1581233	61.841557	2
GCTGG	1974050	2.1530564	112.27093	2
GTGCC	1406730	2.0767753	100.221275	2
TTCTC	1345490	2.063205	45.166096	5
TCTCT	1325870	2.0331194	55.91805	6
ATGCC	1612595	2.0141017	106.28491	2
GGGGT	2494355	2.009898	48.063828	5
CCCTG	994245	1.9867978	58.617374	7
GGGAA	3465455	1.9610521	29.727058	6
CATCT	1494880	1.9028478	51.279934	4
CACTG	1506380	1.881441	43.029396	7
TGGGC	1665640	1.81668	60.473743	4
TTCAA	2281930	1.8154984	5.458452	5
TTTGC	1589790	1.8010267	15.593782	1
TTCCC	873255	1.7784549	49.351086	5
TGCTG	1598320	1.7766529	31.566528	1
ACTGG	1896545	1.7499987	57.33267	2
CCCAG	1044010	1.7318116	32.206493	7
CATCC	1022685	1.7289382	62.20491	4
TCCCT	847355	1.7257078	59.81248	6
CATGG	1846580	1.7038945	30.930712	5
TTCAC	1336945	1.7018105	35.69706	5
CATCA	1604950	1.6958792	37.500523	4
TGCTT	1484655	1.6819226	25.116539	2
GCTGC	1125750	1.6619604	14.219624	1
ATGGG	2423520	1.6521128	57.235577	3
TCACT	1282615	1.6326536	43.82105	6
GGCTT	1453780	1.6159859	35.170918	2
TCCCA	953165	1.6114086	32.888283	6
TTCCA	1264190	1.6092	14.897748	5
TTGCA	1696190	1.5951099	12.060266	2
TGCAT	1695535	1.5944942	31.490839	3
AGCTT	1689915	1.5892091	29.756897	2
GGGAG	2366240	1.5827425	17.18271	6
CAGCA	1525020	1.5811293	6.4645743	1
CTTGC	1049795	1.579519	22.98907	1
CAAGG	2059800	1.5777398	14.860225	5
CTGCA	1260400	1.5742166	8.674774	2
TTGCT	1375930	1.5587509	5.123695	1
GGAAA	3191980	1.5281513	8.492677	7
TTCTG	1343400	1.5218987	14.832212	1
GCAGG	1676680	1.5180398	39.172997	2
TCTGC	998615	1.5025138	23.705494	1
TCCTG	984805	1.4817352	33.570366	1
TGCAA	1878810	1.4666783	15.072257	3
GCAAG	1898760	1.4543884	14.763808	4
GGAAG	2562595	1.4501362	10.246763	7
GGCAA	1874665	1.4359324	13.484888	6
TCTCA	1125390	1.4325202	31.278788	6
CCAAG	1377130	1.4277982	5.0870037	7
CAGCT	1142520	1.4269866	7.895518	1
GGCAG	1555360	1.4081986	10.242602	6
AGCAG	1835820	1.4061785	8.842506	1
AGCTG	1523075	1.4053868	18.935167	1
ATCTC	1101395	1.4019767	40.33745	5
GGCAT	1508585	1.3920165	30.060244	2
CTGCT	924420	1.3908801	6.617966	1
GGCTG	1264365	1.3790172	26.571772	1
CACAG	1326905	1.3757249	23.351843	7
CCATG	1094765	1.3673415	22.606215	7
TGCAG	1478930	1.364653	13.675351	1
TGGCT	1222520	1.3589231	7.7541866	1
GGGAC	1487080	1.3463789	21.015623	6
GGGCT	1231825	1.3435265	12.13517	8
CTCAG	1068515	1.3345556	30.685352	7
CGCTG	902580	1.3324914	44.285484	1
TCACA	1256045	1.3272071	23.85457	6
TCCAA	1253300	1.3243062	5.242368	6
CCTGC	659885	1.3186469	14.796283	1
TCCAT	1024590	1.3042109	23.048567	6
ATTGC	1386315	1.3037013	22.490366	1
GGGAT	1906695	1.2997935	20.302883	6
GCATG	1406860	1.2981517	30.754866	4
AAGCA	1993590	1.291884	7.041791	1
ACTGC	1030405	1.2869569	25.00025	1
CGTGC	869220	1.2832415	26.1842	1
CATGC	1019160	1.2729121	27.922272	1
AATGC	1609060	1.2561	28.857145	1
TTCAG	1334775	1.2552327	8.541611	1
AACTG	1593720	1.2441248	9.544276	1
CAATG	1587235	1.2390623	8.01288	7
GGAGG	1831030	1.2247485	5.1789155	7
AAGCT	1567225	1.2234416	8.874748	1
GGGCC	833955	1.2080356	9.450933	7
TCAGG	1304060	1.2032952	31.285145	2
GGGTG	1484755	1.1963838	11.2685795	6
ATGCA	1530725	1.1949484	15.673037	2
TGTGC	1073440	1.1932093	21.602951	1
ATCAC	1126575	1.1904018	30.693764	5
GGAGA	2100635	1.1887196	5.043657	7
TCCAG	942375	1.1770091	12.555595	1
GAGCT	1270580	1.172402	6.116151	1
ATCCC	684185	1.1566745	41.825253	5
CGCTT	761980	1.1464733	35.425377	2
GTTGC	1020245	1.1340791	13.349695	1
TCAAT	1410485	1.1221787	8.201505	6
GGTGC	1020600	1.1131477	19.59968	1
ATCCA	1051185	1.1107405	12.5712385	5
AAGGG	1958155	1.1080922	10.9185915	6
GATGC	1194315	1.1020302	19.795532	1
CCGCA	664320	1.101979	7.3791885	1
CGCAG	898135	1.1006675	11.659906	1
ACAGG	1435820	1.0997914	24.974869	2
GTGCA	1189205	1.0973151	12.766113	2
GGGTT	1333470	1.0950667	12.518769	6
TCATG	1161630	1.0924059	9.6736145	1
AGGGC	1195460	1.0823509	18.62731	4
ACCTG	861770	1.076335	23.205814	1
AGCAT	1376640	1.074663	24.73408	2
TGGCA	1160030	1.0703944	7.1126695	1
GGCAC	872440	1.0691781	12.7633915	6
ATCTG	1132095	1.0646309	12.231579	1
GATGG	1532095	1.0444287	15.429626	2
ACCAG	1006005	1.0430183	10.691758	1
AGGCA	1358790	1.040789	7.5851336	1
GGAAC	1355475	1.0382497	6.058003	7
ATGCT	1100120	1.0345614	7.432429	1
GTCTG	929810	1.0335537	16.224873	1
GGATT	1474650	1.0245275	5.0594974	7
AGGGA	1805430	1.0216674	6.2156053	4
GGACA	1321395	1.0121456	6.448051	7
ATCAG	1293895	1.0100688	6.8722277	1
TGGGA	1465590	0.9990923	19.329334	4
AGTGC	1081395	0.99783546	24.900835	1
GTGCT	895690	0.9956269	6.227844	1
GGATG	1451635	0.98957914	7.6151924	7
TCGCT	651220	0.97982407	9.119239	1
GGGTC	895405	0.97660005	12.187566	6
AGGCT	1039600	0.95926994	9.447429	1
AATGG	1645190	0.9488259	6.442891	2
GGAAT	1631000	0.94064206	5.134411	7
ACATG	1203450	0.9394637	7.195435	1
TGGGT	1123565	0.9226895	18.127842	4
GGATC	993300	0.9165476	6.0014224	7
TACTG	970510	0.91267514	17.93268	1
GACTG	987380	0.911085	12.225585	1
CGCAT	726065	0.9068419	29.62088	2
TTCTA	944510	0.9052412	8.056904	5
GGACG	958940	0.86820924	5.2730055	7
TCGCA	682545	0.85248625	7.9076433	1
TCTCG	557145	0.838279	7.1151023	5
CGATG	901525	0.83186406	6.7785554	1
CGGCA	678765	0.8318287	11.293488	1
GGGCG	755250	0.8082512	9.33577	5
TAGCA	1015550	0.7927811	6.647916	1
TATGC	835325	0.78554606	23.323393	1
CGGCT	526235	0.776888	12.477641	1
GGGTA	1132295	0.77188516	13.209387	6
GTCAG	835715	0.77113926	6.4319024	1
TATGG	1090330	0.75751746	13.596847	2
TACAG	966620	0.7545842	8.225681	1
CCGCT	374955	0.7492718	7.5538154	1
CTCGG	502800	0.7422906	13.335729	6
CACGG	595615	0.7299281	17.483616	6
GCGCT	493920	0.72918093	8.481327	1
GCGCA	587975	0.72056526	6.5520787	1
TCACG	576280	0.7197632	7.9033585	5
TCTAT	740765	0.70996714	12.765565	6
CTATG	752930	0.7080612	12.5141945	7
ACTCG	556765	0.6953893	5.3490615	5
ACGCA	660300	0.6845941	8.041214	1
AGGGT	987830	0.67340344	5.2356615	4
ACGCT	514520	0.64262605	10.154931	1
CGGGG	596800	0.6386816	21.240347	8
TAGCT	676080	0.6357909	7.101957	1
ACACG	575405	0.59657556	8.226969	5
ATCTA	747975	0.59508723	6.8362803	5
CGGGC	396330	0.5741086	8.290358	8
ACGGG	617045	0.5586629	17.145943	7
TCGGG	507490	0.55350906	11.013294	7
TAGGG	449340	0.30631495	5.327395	7
>>END_MODULE
