##FastQC	0.10.1
>>Basic Statistics	pass
#Measure	Value	
Filename	Acer-150_S68_L001_R1_001.fastq.gz	
File type	Conventional base calls	
Encoding	Sanger / Illumina 1.9	
Total Sequences	9775896	
Filtered Sequences	0	
Sequence length	101	
%GC	44	
>>END_MODULE
>>Per base sequence quality	pass
#Base	Mean	Median	Lower Quartile	Upper Quartile	10th Percentile	90th Percentile
1	36.290047684631666	37.0	37.0	37.0	37.0	37.0
2	36.37176397948587	37.0	37.0	37.0	37.0	37.0
3	36.337478324237495	37.0	37.0	37.0	37.0	37.0
4	36.351981342682045	37.0	37.0	37.0	37.0	37.0
5	36.49868370121777	37.0	37.0	37.0	37.0	37.0
6	36.540732225465575	37.0	37.0	37.0	37.0	37.0
7	36.55986397563967	37.0	37.0	37.0	37.0	37.0
8	36.55016563187661	37.0	37.0	37.0	37.0	37.0
9	36.5622265212314	37.0	37.0	37.0	37.0	37.0
10-14	36.44168763661152	37.0	37.0	37.0	37.0	37.0
15-19	36.354966296695466	37.0	37.0	37.0	37.0	37.0
20-24	36.338382466425585	37.0	37.0	37.0	37.0	37.0
25-29	36.26400616373169	37.0	37.0	37.0	37.0	37.0
30-34	36.23365203557812	37.0	37.0	37.0	37.0	37.0
35-39	36.20868708095912	37.0	37.0	37.0	37.0	37.0
40-44	36.179175085332325	37.0	37.0	37.0	37.0	37.0
45-49	36.15435295138164	37.0	37.0	37.0	37.0	37.0
50-54	36.137283641315335	37.0	37.0	37.0	37.0	37.0
55-59	36.09623842152167	37.0	37.0	37.0	37.0	37.0
60-64	36.060574846540916	37.0	37.0	37.0	37.0	37.0
65-69	36.01928944415939	37.0	37.0	37.0	37.0	37.0
70-74	35.96172424502061	37.0	37.0	37.0	37.0	37.0
75-79	35.93318680967965	37.0	37.0	37.0	37.0	37.0
80-84	35.883187975813165	37.0	37.0	37.0	37.0	37.0
85-89	35.8557169798042	37.0	37.0	37.0	37.0	37.0
90-94	35.79201247640114	37.0	37.0	37.0	37.0	37.0
95-99	35.737733707478064	37.0	37.0	37.0	37.0	37.0
100-101	35.632641857073764	37.0	37.0	37.0	37.0	37.0
>>END_MODULE
>>Per sequence quality scores	pass
#Quality	Count
14	1.0
15	4.0
16	30.0
17	89.0
18	148.0
19	233.0
20	420.0
21	962.0
22	1800.0
23	3776.0
24	7237.0
25	13349.0
26	21275.0
27	33571.0
28	49194.0
29	71949.0
30	96105.0
31	128978.0
32	164725.0
33	226785.0
34	327484.0
35	709102.0
36	6115918.0
37	1802761.0
>>END_MODULE
>>Per base sequence content	fail
#Base	G	A	T	C
1	21.023949446197964	29.347005203802993	25.886515097496094	23.742530252502945
2	29.80881583916052	26.293890641677574	21.261383603517494	22.635909915644415
3	20.069064052883707	12.009661233833796	26.89515683137636	41.02611788190614
4	26.80955702536251	17.093620251543413	35.81154323899202	20.285279484102055
5	47.67519007976354	12.858872475730102	12.515425696018042	26.95051174848832
6	47.67887260666439	6.302552727647676	20.182057992433634	25.8365166732543
7	47.92559596753966	13.369308996398068	18.572826474334555	20.132268561727713
8	60.64427457990031	11.43798204031263	11.461253569238783	16.456489810548273
9	49.08813914959138	23.634945094603736	7.970376414064064	19.306539341740827
10-14	43.91050597827319	25.070217817215667	17.41094375021328	13.60833245429786
15-19	25.505217687189507	34.81078058512009	22.82990809492346	16.854093632766933
20-24	24.3802770754549	33.61913842551264	25.375011776417765	16.625572722614702
25-29	22.72553170369162	32.89188599540272	26.620250555183983	17.762331745721685
30-34	22.57312657364704	32.02186242885279	26.251467646113518	19.153543351386652
35-39	22.886361114357236	31.39543309872871	26.34667088608009	19.371534900833964
40-44	22.660573655777686	31.46238583046403	26.446224857364097	19.430815656394188
45-49	22.784569360576008	31.54277670132845	26.32506720090778	19.347586737187758
50-54	23.167133352353336	31.482476960921257	26.046122860287984	19.30426682643742
55-59	22.822326527066473	31.704381819618455	26.124196546510042	19.34909510680503
60-64	22.67841462469299	31.995857224068846	26.087237782420914	19.23849036881725
65-69	22.920609053256804	31.76745959462084	26.076279211442753	19.2356521406796
70-74	22.65334364307246	31.764760094049738	26.34035492482145	19.24154133805635
75-79	22.52407089502143	32.134729249718404	26.360020248518605	18.98117960674156
80-84	22.86432969377331	32.090228605919265	26.25072466558181	18.794717034725622
85-89	22.63809880664464	31.98319414894678	26.248609204633322	19.13009783977526
90-94	22.49900776358505	32.210105344819546	26.34600859092609	18.94487830066932
95-99	23.00227211909783	32.04568461039274	26.229110866154876	18.722932404354548
100-101	22.626278962051153	32.296763386189866	26.293257415995424	18.783700235763558
>>END_MODULE
>>Per base GC content	fail
#Base	%GC
1	44.76647969870091
2	52.444725754804935
3	61.09518193478984
4	47.094836509464564
5	74.62570182825186
6	73.51538927991868
7	68.05786452926738
8	77.10076439044859
9	68.3946784913322
10-14	57.51883843257105
15-19	42.35931131995645
20-24	41.0058497980696
25-29	40.487863449413304
30-34	41.72666992503369
35-39	42.2578960151912
40-44	42.09138931217187
45-49	42.13215609776377
50-54	42.47140017879076
55-59	42.1714216338715
60-64	41.916904993510244
65-69	42.15626119393641
70-74	41.89488498112881
75-79	41.505250501762994
80-84	41.659046728498936
85-89	41.768196646419895
90-94	41.443886064254364
95-99	41.725204523452376
100-101	41.40997919781471
>>END_MODULE
>>Per sequence GC content	warn
#GC Content	Count
0	199.0
1	201.5
2	169.5
3	211.0
4	970.0
5	4260.5
6	10971.0
7	18713.0
8	24283.5
9	26186.0
10	24570.5
11	20535.0
12	15917.5
13	12421.5
14	10194.0
15	8780.5
16	8015.5
17	7580.0
18	7240.5
19	7099.5
20	7330.0
21	7932.0
22	8962.5
23	10655.0
24	13516.0
25	17802.5
26	23758.0
27	32394.5
28	44102.5
29	59531.0
30	80535.0
31	106227.5
32	134576.0
33	164050.0
34	194784.5
35	228866.0
36	264317.0
37	298136.5
38	330232.0
39	361894.0
40	394999.5
41	422719.0
42	438599.5
43	448921.0
44	456025.0
45	456974.0
46	445472.0
47	421397.0
48	389400.5
49	353461.0
50	322840.5
51	297907.0
52	274433.5
53	245636.5
54	212014.0
55	187006.5
56	171407.0
57	161081.0
58	154949.5
59	144446.0
60	127296.0
61	109157.5
62	94538.0
63	83217.0
64	74273.0
65	63275.5
66	49694.5
67	36653.0
68	28884.0
69	27725.0
70	25085.0
71	21120.0
72	16412.5
73	10137.0
74	5117.0
75	2516.5
76	1414.5
77	790.5
78	284.0
79	99.5
80	62.5
81	52.0
82	50.0
83	51.5
84	45.0
85	39.5
86	34.5
87	24.5
88	14.5
89	8.0
90	5.5
91	9.0
92	12.5
93	14.5
94	14.0
95	13.5
96	13.0
97	9.0
98	10.5
99	8.5
100	1.5
>>END_MODULE
>>Per base N content	pass
#Base	N-Count
1	0.03899386818354041
2	0.04261501963605177
3	0.003406337383294585
4	9.206317252147527E-5
5	0.0
6	0.0
7	2.8641875895570084E-4
8	2.0458482782550062E-5
9	0.001759429519299305
10-14	3.027855451817409E-4
15-19	7.201385939457621E-4
20-24	3.0687724173825086E-5
25-29	3.8461947631194117E-4
30-34	3.887111728684512E-4
35-39	0.001325709684309244
40-44	6.280754214242868E-4
45-49	0.001382993436100384
50-54	0.0022811208302543316
55-59	0.0054460481167148255
60-64	3.621151452511361E-4
65-69	0.005261921771671876
70-74	0.016143788763710254
75-79	0.005765200448122607
80-84	7.569638629543523E-5
85-89	1.5343862086912544E-4
90-94	0.0
95-99	0.0
100-101	0.0
>>END_MODULE
>>Sequence Length Distribution	pass
#Length	Count
101	9775896.0
>>END_MODULE
>>Sequence Duplication Levels	fail
#Total Duplicate Percentage	74.9357586637802
#Duplication Level	Relative count
1	100.0
2	56.889559889752995
3	47.42201077892667
4	38.721626318838545
5	29.721046995418078
6	21.424433404139528
7	14.928988992855011
8	10.11884907747134
9	6.821972157365307
10++	25.05661569790917
>>END_MODULE
>>Overrepresented sequences	pass
>>END_MODULE
>>Kmer Content	fail
#Sequence	Count	Obs/Exp Overall	Obs/Exp Max	Max Obs/Exp Position
AAAAA	21998140	8.854256	12.405179	95-97
CTGGG	5177870	6.936784	319.40524	3
CCTGG	2702945	4.852567	223.45837	5
TGGGG	4801965	4.800635	217.94824	4
GGGGG	4762980	4.6864924	135.14626	5
CAGGG	3318045	3.6587949	132.02281	3
TTTTT	3426385	3.6505485	4.554743	95-97
TGCCT	1987000	3.6244555	226.64723	3
GGGGA	4403100	3.6231563	88.70364	5
GCCTG	1986585	3.5664937	223.00804	4
GCTTC	1809905	3.3014193	165.60294	3
CCAGG	1861690	2.7509997	116.55002	5
TGCCA	1783360	2.6775203	118.02379	3
GCATC	1738430	2.6100626	140.11183	3
GGGCA	2152170	2.3731897	49.06316	5
AGGGG	2866895	2.3590672	81.34039	4
CTGCC	965280	2.3222823	88.76714	2
CTTCT	1245340	2.3080406	59.366344	4
GCCAG	1543420	2.2806952	116.19552	4
CTTCC	931540	2.2770562	73.346405	4
GCTGG	1689285	2.2631323	112.72031	2
GGGGC	1706910	2.2506454	32.354427	5
CTCTG	1226340	2.2369475	55.5345	7
TTGCC	1196105	2.1817958	76.732155	2
CTTCA	1429765	2.1810672	44.53031	4
TCTGG	1586585	2.1596377	62.596107	2
ATGCC	1391030	2.0884795	104.52587	2
GTGCC	1157395	2.0778582	99.07227	2
TTCTC	1119875	2.0755107	45.97773	5
GGGGT	2058625	2.058055	48.67966	5
TCTCT	1097675	2.0343668	56.587933	6
CCCTG	830680	1.9984597	57.45443	7
GGGAA	2855865	1.9652854	30.171896	6
TGGGC	1445670	1.9367616	64.67431	4
CACTG	1269190	1.9055501	42.753098	7
TGCTG	1387250	1.8883058	31.471285	1
CATCT	1229560	1.8756597	51.737362	4
TTCCC	763385	1.866018	48.553825	5
TCCCT	739265	1.8070593	58.381905	6
ACTGG	1610015	1.8038329	57.16546	2
TTCAA	1891905	1.8010912	5.537028	5
TTTGC	1302285	1.8010849	15.726902	1
CATCC	883980	1.7785395	60.914375	4
CATGG	1571060	1.7601883	30.624235	5
TGCTT	1261625	1.7448514	25.883324	2
GCTGC	968205	1.7382076	14.090428	1
GGCTT	1260120	1.7152581	35.88044	2
ATGGG	2051160	1.7148991	60.073208	3
CATCA	1354490	1.7007049	37.226788	4
TTCAC	1093500	1.6681037	35.46991	5
CCCAG	833835	1.6511654	31.95168	7
TTCCA	1069260	1.6311263	15.167464	5
AGCTT	1431010	1.6289946	29.920464	2
CTTGC	890195	1.6237907	22.731873	1
TTGCA	1420440	1.6169621	12.177953	2
TGCAT	1418630	1.6149019	31.120361	3
CTGCA	1069945	1.6064055	8.659134	2
CAAGG	1739065	1.6037292	15.183349	5
TTGCT	1159015	1.6029396	5.23872	1
TCACT	1048780	1.5998849	43.422558	6
TTCTG	1147995	1.5876987	14.850201	1
TCTGC	865035	1.5778967	23.237417	1
CAGCA	1268750	1.567901	6.3299217	1
TCCCA	765960	1.541087	32.477833	6
GGAAA	2665790	1.5341691	8.363883	7
TCCTG	837965	1.5285188	32.568333	1
GGGAG	1846060	1.519058	17.280403	6
CAGCT	1007265	1.5122983	7.9032025	1
GCAGG	1348270	1.4867319	39.623055	2
GCAAG	1594035	1.4699856	15.110648	4
GGCAT	1305255	1.4623852	30.180899	2
TGCAA	1560130	1.4617954	15.377602	3
GGGCT	1090535	1.460988	14.15718	5
AGCTG	1302540	1.4593432	18.717354	1
CCAAG	1179470	1.4575702	5.259647	7
CTGCT	797490	1.454689	6.77308	1
GGCTG	1084715	1.4531908	26.49028	1
GGCAA	1563345	1.441684	13.790839	6
TGCAG	1280860	1.4350535	14.002533	1
CCATG	954970	1.433783	22.650055	7
TCTCA	937505	1.4301381	31.763855	6
GGCAG	1296285	1.4294086	10.770422	6
GGAAG	2057690	1.416015	10.4713545	7
ATCTC	918680	1.4014207	40.69071	5
CTCAG	918990	1.379763	31.273342	7
CACAG	1114225	1.3769414	23.327396	7
CCTGC	569055	1.3690393	14.431945	1
TGGCT	1004255	1.366978	8.064376	1
GCATG	1216210	1.3626206	30.462362	4
AGCAG	1469240	1.3549023	8.7533655	1
GGGAT	1604595	1.341543	20.50776	6
CGCTG	746850	1.3408115	44.496822	1
TCCAT	867800	1.3238049	23.016308	6
TCCAA	1052345	1.32133	5.403684	6
ATTGC	1154135	1.3138131	22.004004	1
GGGAC	1188835	1.3109239	20.575037	6
CATGC	868605	1.3041155	27.784002	1
TCACA	1037980	1.3032932	23.73383	6
ACTGC	867495	1.302449	24.460941	1
AAGCA	1684255	1.2989203	6.9505568	1
AATGC	1354465	1.2690935	28.538183	1
GGGCC	717225	1.2672993	8.755135	8
TTCAG	1107865	1.2611414	8.782483	1
TGTGC	918480	1.2502224	21.514694	1
CGTGC	695220	1.2481207	25.94312	1
TCAGG	1112315	1.2462186	32.522156	2
AACTG	1319990	1.2367914	9.437688	1
TCCAG	817545	1.2274544	12.843342	1
AAGCT	1308655	1.2261708	8.928783	1
GGGTG	1224480	1.2241409	11.467885	6
ATGCA	1292385	1.2109263	15.584315	2
CAATG	1279015	1.198399	8.269263	7
CGCTT	653245	1.1915739	36.187603	2
GATGC	1054375	1.1813036	19.490652	1
GGTGC	879525	1.1782981	19.866735	1
ACAGG	1272070	1.1730763	25.333853	2
GGAGA	1703855	1.1725209	5.1622553	7
ATCAC	933160	1.1716807	30.386095	5
ATCCC	581595	1.1701505	40.773193	5
GTTGC	857365	1.1670336	13.432479	1
GAGCT	1034290	1.1588007	6.0999036	1
TGGCA	1023550	1.1467677	6.890057	1
GGGTT	1123580	1.1412854	12.759715	6
AGGGC	1027250	1.1327447	20.119385	4
GTGCA	1010820	1.1325052	12.774465	2
AGCAT	1203845	1.1279669	24.53367	2
ATCCA	894165	1.1227183	12.447088	5
TCATG	982250	1.1181474	9.901913	1
GGCAC	752025	1.1112596	12.844325	6
ACCTG	740005	1.1110367	22.74767	1
TCAAT	1156050	1.1005582	8.436987	6
CGCAG	736150	1.087801	11.789232	1
GGAAC	1177140	1.0855337	6.1404915	7
ATGCT	946665	1.077639	7.5133195	1
GATGG	1284340	1.0737892	15.879835	2
ATCTG	935600	1.0650431	12.284427	1
TGGGA	1266445	1.058828	20.658829	4
AAGGG	1536910	1.0576363	11.291682	6
GTGCT	776845	1.0574306	6.532237	1
GGATT	1242465	1.0554407	5.119156	7
GGATG	1257705	1.0515207	7.655639	7
CCGCA	530575	1.0506481	7.339327	1
ACCAG	846545	1.0461468	10.192776	1
GTCTG	758555	1.0325347	16.426064	1
AGGCA	1115065	1.0282896	7.632116	1
TGGGT	1005325	1.0211669	20.071043	4
ATCAG	1086255	1.0177886	7.009593	1
GGGTC	758275	1.0158597	12.278357	6
AGTGC	896645	1.0045856	24.42626	1
GGACA	1084875	1.000449	6.1239448	7
AGGCT	885675	0.992295	9.457379	1
AATGG	1396470	0.9764053	7.1121655	2
TCGCT	534825	0.9755659	9.069729	1
ACATG	1036425	0.9710994	7.390248	1
AGGGA	1404185	0.9663007	6.9535675	4
GACTG	850685	0.95309275	12.052978	1
GGAAT	1325290	0.9266365	5.260992	7
GGATC	813965	0.9119524	6.0225487	7
TACTG	800650	0.9114224	17.806423	1
CGCAT	598540	0.8986424	29.958403	2
TTCTA	774505	0.8958014	8.300477	5
GGGCG	667395	0.8799934	10.021515	5
CGGCA	588275	0.86928785	11.082038	1
GGACG	784775	0.8653683	5.1761127	7
TCGCA	570765	0.8569413	8.028546	1
CGATG	761245	0.8528857	7.1102996	1
TCTCG	467175	0.8521666	7.265395	5
GTCAG	727175	0.8147143	6.595857	1
TATGC	712025	0.8105358	22.998007	1
CGGCT	446620	0.80181193	12.572463	1
GGGTA	956010	0.7992848	13.046336	6
GGACT	707730	0.7929285	5.0309253	7
CTCGG	437235	0.7849632	13.568463	6
TATGG	915395	0.7776034	14.166098	2
TACAG	823855	0.7719276	8.273894	1
TAGCA	821845	0.7700443	6.6262097	1
CCGCT	319050	0.7675743	7.9674053	1
GCGCT	421865	0.7573696	8.711319	1
CACGG	507795	0.7503633	17.678055	6
CTATG	651460	0.7415915	12.711418	7
TCTAT	631200	0.73005325	12.923156	6
GCGCA	493090	0.72863394	6.544793	1
ACTCG	467955	0.7025833	5.339344	5
TCACG	464810	0.69786143	7.8812304	5
CGGGG	517195	0.68194723	21.645653	8
ACGCA	541300	0.6689299	8.18817	1
AGGGT	781835	0.6536635	5.8296566	4
ACGCT	427715	0.6421673	10.297119	1
CGGGC	360790	0.6374972	9.004497	8
TAGCT	556875	0.6339203	7.1005783	1
ACGGG	542610	0.59833384	17.812372	7
ATCTA	624075	0.5941186	6.8906984	5
ACACG	478265	0.59103227	8.279535	5
TCGGG	404485	0.5418879	11.342764	7
TAGGG	374785	0.31334388	5.6911464	7
>>END_MODULE
