##FastQC	0.10.1
>>Basic Statistics	pass
#Measure	Value	
Filename	ACER-124_S70_L001_R1_001.fastq.gz	
File type	Conventional base calls	
Encoding	Sanger / Illumina 1.9	
Total Sequences	13426280	
Filtered Sequences	0	
Sequence length	101	
%GC	42	
>>END_MODULE
>>Per base sequence quality	pass
#Base	Mean	Median	Lower Quartile	Upper Quartile	10th Percentile	90th Percentile
1	36.23168308719914	37.0	37.0	37.0	37.0	37.0
2	36.31969942530619	37.0	37.0	37.0	37.0	37.0
3	36.293482409125986	37.0	37.0	37.0	37.0	37.0
4	36.31403501193182	37.0	37.0	37.0	37.0	37.0
5	36.461986343201545	37.0	37.0	37.0	37.0	37.0
6	36.50694667473046	37.0	37.0	37.0	37.0	37.0
7	36.53091347715078	37.0	37.0	37.0	37.0	37.0
8	36.52704405092103	37.0	37.0	37.0	37.0	37.0
9	36.532051245765764	37.0	37.0	37.0	37.0	37.0
10-14	36.40747475845878	37.0	37.0	37.0	37.0	37.0
15-19	36.32759099318649	37.0	37.0	37.0	37.0	37.0
20-24	36.31672473685935	37.0	37.0	37.0	37.0	37.0
25-29	36.22993398022386	37.0	37.0	37.0	37.0	37.0
30-34	36.17935002100358	37.0	37.0	37.0	37.0	37.0
35-39	36.13941015679696	37.0	37.0	37.0	37.0	37.0
40-44	36.09296820861773	37.0	37.0	37.0	37.0	37.0
45-49	36.039554202653306	37.0	37.0	37.0	37.0	37.0
50-54	36.002773515821204	37.0	37.0	37.0	37.0	37.0
55-59	35.95024432679789	37.0	37.0	37.0	37.0	37.0
60-64	35.88004330313385	37.0	37.0	37.0	37.0	37.0
65-69	35.8270710129686	37.0	37.0	37.0	37.0	37.0
70-74	35.75047345951373	37.0	37.0	37.0	37.0	37.0
75-79	35.69001157431545	37.0	37.0	37.0	37.0	37.0
80-84	35.604701361806846	37.0	37.0	37.0	37.0	37.0
85-89	35.5569498476123	37.0	37.0	37.0	37.0	37.0
90-94	35.482061241088374	37.0	37.0	37.0	37.0	37.0
95-99	35.394105798478805	37.0	37.0	37.0	37.0	37.0
100-101	35.28626797593972	37.0	37.0	37.0	37.0	37.0
>>END_MODULE
>>Per sequence quality scores	pass
#Quality	Count
15	10.0
16	70.0
17	177.0
18	286.0
19	452.0
20	996.0
21	2873.0
22	5778.0
23	10619.0
24	18732.0
25	30759.0
26	44530.0
27	63311.0
28	85107.0
29	117817.0
30	154780.0
31	207673.0
32	267150.0
33	367954.0
34	527989.0
35	1066552.0
36	8095060.0
37	2357605.0
>>END_MODULE
>>Per base sequence content	fail
#Base	G	A	T	C
1	20.660903691938902	30.400017047810913	25.723790592678174	23.21528866757201
2	29.54214483789667	26.90546217986471	21.31176784066496	22.240625141573656
3	20.086129581536827	13.2443634528908	26.280776804867816	40.38873016070456
4	26.167960622856718	17.84299521549774	35.64982251953	20.339221642115536
5	47.34624929615649	13.543245038834288	12.771005818439656	26.339499846569563
6	47.35249078672574	7.040513083296342	20.27398505021495	25.333011079762972
7	47.612361715947834	14.03753644257868	18.152815315122403	20.197286526351085
8	58.07172635098675	12.658488625180514	12.234558808140363	17.035226215692376
9	47.76071200788975	24.520329202278766	8.199765068321382	19.519193721510103
10-14	42.68629981961743	25.851060544699543	17.706784702572996	13.755854933110026
15-19	24.20758700239767	36.08525013627839	22.793209917461933	16.913952943862
20-24	23.23283821819924	35.64239524375103	24.531863924340964	16.59290261370877
25-29	21.773045242025145	35.20916914783074	25.48860346804263	17.52918214210148
30-34	21.61145757222988	34.55379805053243	25.217047525627073	18.617696851610617
35-39	21.855025165066028	34.19587242835644	25.26938215219146	18.679720254386076
40-44	21.691298367951482	34.293012599102916	25.249761771653233	18.76592726129237
45-49	21.82065298956994	34.41694401834636	25.064109854726937	18.698293137356767
50-54	22.165994095090795	34.42180598316345	24.77967867257255	18.632521249173205
55-59	21.752560226493177	34.68474560111787	24.83490980271229	18.72778436967667
60-64	21.693621788191894	35.070988131873385	24.697319728660695	18.53807035127403
65-69	21.994743016106057	34.872102627456606	24.69083582230295	18.442318534134383
70-74	21.594841800194175	34.95270440415737	24.899024332699163	18.55342946294929
75-79	21.53219607020648	35.32335982748331	24.90863786991855	18.235806232391663
80-84	21.781346701753108	35.293468349248776	24.90350818980314	18.02167675919498
85-89	21.661754427736938	35.180611644019486	24.82233213915124	18.33530178909234
90-94	21.541499209013963	35.368015563506795	24.890091670961727	18.200393556517515
95-99	21.999058562759007	35.22441957116938	24.730640207116192	18.04588165895542
100-101	21.622169357409497	35.49451151026196	24.794768171079408	18.088550961249133
>>END_MODULE
>>Per base GC content	fail
#Base	%GC
1	43.87619235951091
2	51.78276997947033
3	60.474859742241385
4	46.50718226497226
5	73.68574914272605
6	72.6855018664887
7	67.80964824229892
8	75.10695256667913
9	67.27990572939984
10-14	56.44215475272746
15-19	41.121539946259674
20-24	39.82574083190801
25-29	39.302227384126624
30-34	40.2291544238405
35-39	40.5347454194521
40-44	40.45722562924385
45-49	40.5189461269267
50-54	40.798515344264004
55-59	40.48034459616985
60-64	40.23169213946593
65-69	40.437061550240436
70-74	40.148271263143464
75-79	39.76800230259814
80-84	39.80302346094808
85-89	39.99705621682928
90-94	39.741892765531475
95-99	40.044940221714434
100-101	39.71072031865863
>>END_MODULE
>>Per sequence GC content	fail
#GC Content	Count
0	7882.0
1	6493.0
2	3644.0
3	2019.0
4	5518.5
5	21089.5
6	50981.0
7	84413.0
8	106240.5
9	110904.5
10	101294.5
11	82182.5
12	60939.5
13	44531.5
14	34547.5
15	28619.0
16	24955.5
17	22626.0
18	21192.5
19	20550.5
20	20339.5
21	20662.0
22	22129.0
23	24606.0
24	28254.0
25	33840.5
26	41644.5
27	53354.5
28	68651.5
29	88182.0
30	114548.5
31	147008.0
32	182779.5
33	220769.5
34	261292.5
35	304941.0
36	349412.5
37	391125.5
38	433352.0
39	473613.0
40	511544.0
41	545080.5
42	564082.0
43	574110.0
44	580329.0
45	579451.5
46	564983.5
47	534249.5
48	493118.0
49	444814.0
50	399772.5
51	366454.5
52	337266.0
53	304061.0
54	271052.5
55	246267.0
56	229168.5
57	215706.0
58	206200.5
59	196900.0
60	181070.0
61	160175.5
62	138788.0
63	122008.5
64	108914.5
65	91614.5
66	70906.0
67	51850.0
68	41860.0
69	40642.0
70	38989.0
71	36388.0
72	29092.0
73	16780.0
74	7660.0
75	3579.0
76	1862.5
77	961.0
78	438.0
79	195.5
80	107.0
81	74.0
82	64.0
83	58.0
84	53.0
85	56.5
86	41.0
87	28.5
88	29.0
89	21.0
90	19.5
91	24.0
92	23.0
93	19.0
94	18.5
95	16.0
96	14.0
97	12.5
98	16.5
99	12.0
100	0.0
>>END_MODULE
>>Per base N content	pass
#Base	N-Count
1	0.03874490923770397
2	0.04248384511569847
3	0.0034484607799032943
4	1.042731121353048E-4
5	0.0
6	0.0
7	1.5640966820295717E-4
8	7.448079438236057E-6
9	0.001854571780120778
10-14	2.8153740276532294E-4
15-19	6.464932952388897E-4
20-24	1.6385774764119325E-5
25-29	4.1113398499063034E-4
30-34	3.724039719118028E-4
35-39	0.0012497877297360104
40-44	6.405348316883009E-4
45-49	0.0013778946960736704
50-54	0.002225486136144934
55-59	0.0052881364011476
60-64	3.7091435602415565E-4
65-69	0.005295584480585837
70-74	0.016049121573511054
75-79	0.00558754919456469
80-84	8.192887382059662E-5
85-89	1.444927411017795E-4
90-94	0.0
95-99	0.0
100-101	0.0
>>END_MODULE
>>Sequence Length Distribution	pass
#Length	Count
101	1.342628E7
>>END_MODULE
>>Sequence Duplication Levels	fail
#Total Duplicate Percentage	80.38137843778203
#Duplication Level	Relative count
1	100.0
2	37.019347170558845
3	27.856403935465412
4	27.160874254396585
5	27.684722558492727
6	28.179957299760087
7	27.009002267074592
8	24.63187550899126
9	21.810138005414565
10++	118.85633790416658
>>END_MODULE
>>Overrepresented sequences	pass
>>END_MODULE
>>Kmer Content	fail
#Sequence	Count	Obs/Exp Overall	Obs/Exp Max	Max Obs/Exp Position
AAAAA	77018285	15.051829	19.476198	95-97
CTGGG	6855285	8.102729	375.67303	3
CCTGG	3562250	5.5703173	252.6031	5
TGGGG	6180205	5.5215244	250.87587	4
GGGGG	5866900	5.151848	149.02249	5
TTTTT	4473740	4.282862	5.2528996	95-97
TGCCT	2586520	4.1150312	256.34122	3
GCCTG	2618400	4.0944114	251.92961	4
GCTTC	2436270	3.8759909	197.67723	3
CAGGG	4443215	3.8219903	139.35904	3
GGGGA	5719975	3.71909	93.92253	5
CCAGG	2516565	2.8638484	121.147156	5
TGCCA	2391025	2.7683933	122.6708	3
GCATC	2389375	2.766483	149.73172	3
CTTCT	1689275	2.7343836	69.93138	4
CTTCC	1276115	2.685943	85.45436	4
GCTGG	2271640	2.6850066	132.34923	2
CTGCC	1275775	2.6392422	99.80575	2
CTCTG	1615485	2.5701606	63.85625	7
TCTGG	2105105	2.5315201	73.2538	2
GGGGC	2178735	2.531095	38.18632	5
TTGCC	1587665	2.5259001	88.47413	2
GGGCA	2879905	2.4772534	53.44002	5
TCTCT	1523970	2.466809	65.12428	6
AGGGG	3766825	2.4491649	83.5247	4
GTGCC	1541910	2.4110959	112.795784	2
TGGGC	2036910	2.407563	81.67621	4
TTCTC	1477585	2.391727	52.84204	5
GGGGT	2670645	2.3860104	57.474934	5
GCCAG	2087175	2.3752031	120.65027	4
CTTCA	1940540	2.2859573	48.441666	4
TGCTG	1877255	2.2575164	37.515556	1
CCCTG	1074980	2.2238505	64.5676	7
ATGCC	1870625	2.1658604	106.927605	2
TTCCC	1020215	2.1473293	56.12934	5
TTTGC	1714890	2.0981944	18.585176	1
TCCCT	991585	2.08707	65.73139	6
GCTGC	1331055	2.0813806	16.358814	1
TGCTT	1681660	2.0575368	31.548172	2
GGCTT	1689280	2.0314646	42.810104	2
CACTG	1696350	1.9640802	45.389793	7
GGGAA	3975340	1.9138376	30.603964	6
CATCT	1622725	1.911571	55.249115	4
CTTGC	1189155	1.8918896	25.780428	1
ATGGG	2850930	1.885953	67.843216	3
ACTGG	2141045	1.8737853	61.05554	2
TTGCT	1518245	1.857596	6.2556314	1
CATGG	2109700	1.8463529	33.012394	5
CATCC	1202985	1.8426956	62.79841	4
TCTGC	1147770	1.8260479	26.716326	1
TTCTG	1492220	1.825754	17.41232	1
TCCTG	1122655	1.7860913	37.48842	1
GGGCT	1494015	1.7658784	19.915936	5
CTGCT	1083725	1.7241553	7.9829283	1
TGCAT	1933300	1.7214527	33.51009	3
CTTGG	1417035	1.7040731	5.8257256	6
GGCTG	1437085	1.6985888	29.619408	1
TTCAC	1432885	1.6879394	37.728905	5
AGCTT	1877165	1.671469	32.450333	2
CTGCA	1441130	1.6685792	9.254894	2
TTGCA	1870075	1.6651558	13.278394	2
CCCAG	1098965	1.6545328	33.40143	7
TTCCA	1399485	1.6485941	16.188221	5
TCACT	1389785	1.6371676	46.207493	6
CCTGC	787990	1.6301436	15.902813	1
TTCAA	2457750	1.6203982	5.9721327	5
TGGCT	1317090	1.5838829	9.066327	1
CGCTG	1004790	1.5711975	52.00454	1
CATCA	1831915	1.5704975	36.2046	4
GGCTC	1000050	1.5637856	6.683433	6
GGGCC	1003000	1.5415395	11.714896	5
GCAGG	1791875	1.5413454	41.73611	2
TCCCA	1002020	1.5348637	34.051754	6
CAGCT	1322420	1.5311338	8.38345	1
GGCAT	1736355	1.5196114	32.343853	2
AGCTG	1736045	1.5193402	19.983704	1
CGTGC	969725	1.5163662	29.5588	1
CAAGG	2377340	1.5141602	15.834325	5
GGGAG	2310970	1.5025774	17.302694	6
TGCAG	1715155	1.5010577	14.48452	1
ATCTC	1257880	1.4817834	42.367825	5
CCATG	1264295	1.463835	23.913952	7
TGTGC	1214460	1.460464	25.3598	1
GGGTG	1623525	1.4504913	13.511648	6
TCTCA	1222450	1.4400468	33.25093	6
GGCAG	1670360	1.4368199	11.066675	6
GCATG	1633070	1.4292191	32.81156	4
CAGCA	1672390	1.409184	6.125653	1
CGCTT	884680	1.407484	42.859608	2
CTCAG	1206220	1.3965944	32.666904	7
GGGAT	2107635	1.394247	20.854742	6
GGTGC	1168025	1.3805685	22.942276	1
CATGC	1191850	1.3799562	28.328842	1
TGCAA	2110240	1.3674583	16.016565	3
GTTGC	1133095	1.3626175	15.4611435	1
TCCAT	1153180	1.3584468	24.347187	6
GCAAG	2124770	1.3532947	15.713619	4
GGCAA	2115175	1.3471836	13.697323	6
ATTGC	1510370	1.3448666	23.692518	1
ACTGC	1152055	1.3338805	24.968832	1
GGGAC	1545125	1.3290945	19.891064	6
GGGTT	1458565	1.3258175	15.419166	6
GGAAG	2728375	1.3135145	9.760899	7
GGAAA	3651425	1.3016115	8.811239	7
TTCAG	1461175	1.3010622	9.014834	1
TGGGT	1422240	1.2927984	29.745998	4
CCAAG	1530280	1.2894397	5.3447213	7
TCCAG	1107465	1.2822531	12.952256	1
TCAGG	1462215	1.2796915	34.0852	2
GGGTC	1075155	1.270799	14.809304	6
GTGCT	1054765	1.2684208	7.8919597	1
AGGGC	1445275	1.2432051	23.74756	4
GATGC	1411190	1.2350357	20.190994	1
CACAG	1458580	1.2290242	22.128347	7
AGCAG	1927425	1.2276032	8.448983	1
ATCCC	785170	1.2026993	41.31058	5
GTCTG	999620	1.2021054	19.120243	1
GAGCT	1368285	1.1974865	6.420102	1
TGGCA	1363930	1.193675	7.341021	1
GTGCA	1359490	1.1897893	14.371554	2
ACCTG	1020410	1.1814585	23.602688	1
GGCAC	1038040	1.1812885	14.45322	6
AATGC	1820890	1.1799564	27.23318	1
TCACA	1365070	1.1702721	22.58666	6
TCCAA	1363270	1.1687291	5.5247416	6
TCGCT	733865	1.1675445	10.962048	1
ATGCA	1797060	1.1645143	15.574508	2
TCATG	1302505	1.159779	10.099174	1
GGTTG	1273910	1.1579683	5.309885	7
TGGGA	1730165	1.1445423	25.424158	4
CGCAG	998850	1.1366903	12.180861	1
AAGCT	1749865	1.1339315	8.74339	1
ATGCT	1261265	1.123058	8.380827	1
AACTG	1726425	1.1187421	9.623422	1
CAATG	1725110	1.11789	8.595908	7
GATGG	1666635	1.1025158	18.23902	2
ATCAC	1270855	1.0895019	28.864008	5
CCGCA	722640	1.0879617	7.5828385	1
GGATG	1639800	1.0847639	7.5534434	7
ATCTG	1217525	1.084111	13.061333	1
GGATT	1586030	1.0674746	5.4184446	7
ACAGG	1665745	1.0609356	24.043095	2
AGTGC	1193360	1.0443968	25.885998	1
AAGCA	2203095	1.0389674	6.1463003	1
GGGCG	893230	1.0376893	12.22697	5
AGCAT	1586590	1.0281276	23.926899	2
AGGCT	1174485	1.0278779	10.14541	1
AAGGG	2125615	1.0233293	11.919429	6
TCTCG	642610	1.0223621	8.782721	5
ATCCA	1182805	1.0140166	11.9257765	5
CGGCT	641030	1.0023835	15.098167	1
TCAAT	1506720	0.9933827	8.787565	6
GGAAC	1529085	0.9738949	5.5463905	7
GACTG	1101510	0.96401215	12.548806	1
TTCTA	1058845	0.9592461	9.547999	5
ACCAG	1133085	0.95475656	9.813806	1
CTCGG	608520	0.9515473	16.781769	6
CGCAT	809245	0.9369658	31.873354	2
AGGCA	1466780	0.934212	7.279832	1
TACTG	1047865	0.93304193	19.178402	1
GGATC	1061565	0.92905325	5.99816	7
AGGGA	1902145	0.9157447	7.9248204	4
CGGCA	798115	0.90825415	12.0311775	1
AATGG	1851400	0.90684456	7.697195	2
GCGCT	578835	0.90512866	10.173219	1
CGATG	1033315	0.9043296	7.8940825	1
CCGCT	434410	0.89867985	9.130211	1
ACATG	1380390	0.8945077	6.877647	1
ATCAG	1364200	0.8840164	6.835501	1
GGACA	1386550	0.88311243	5.4302487	7
GGGTA	1332180	0.8812665	13.164307	6
TCGCA	757040	0.87652135	8.433464	1
TTGGG	960400	0.8729916	6.2841353	7
TATGC	978545	0.871318	24.286333	1
CACGG	759465	0.8642705	19.961208	6
TATGG	1235375	0.83146703	16.832304	2
GTCAG	938655	0.8214857	7.0734105	1
CTATG	900655	0.8019629	14.581285	7
TCTAT	868870	0.78714085	14.836225	6
GCGCA	684030	0.7784255	7.1092315	1
CGGGC	492945	0.7576213	11.983351	8
CGGGG	648515	0.7533973	26.625006	8
TCACG	631965	0.7317062	8.956111	5
ACTCG	628935	0.728198	6.0003133	5
AGGGT	1096440	0.72531927	8.399542	4
TACAG	1077915	0.69850063	7.871536	1
TAGCA	1047790	0.6789793	6.314653	1
ACGCT	570920	0.66102666	10.860045	1
TAGCT	741850	0.6605595	7.721321	1
TCGGG	553620	0.65436125	14.398301	7
ACGGG	728090	0.62629265	21.0145	7
ACGCA	723345	0.6095027	7.7055297	1
ACACG	701880	0.59141594	8.249706	5
ATCTA	837235	0.5519903	7.229037	5
CTAGG	416260	0.3642996	5.667947	6
TAGGG	512055	0.33873567	7.204067	7
>>END_MODULE
