##FastQC	0.10.1
>>Basic Statistics	pass
#Measure	Value	
Filename	Acer-141_S65_L001_R1_001.fastq.gz	
File type	Conventional base calls	
Encoding	Sanger / Illumina 1.9	
Total Sequences	13820239	
Filtered Sequences	0	
Sequence length	101	
%GC	43	
>>END_MODULE
>>Per base sequence quality	pass
#Base	Mean	Median	Lower Quartile	Upper Quartile	10th Percentile	90th Percentile
1	36.27830633030297	37.0	37.0	37.0	37.0	37.0
2	36.362540691228276	37.0	37.0	37.0	37.0	37.0
3	36.327297668296474	37.0	37.0	37.0	37.0	37.0
4	36.34029954185308	37.0	37.0	37.0	37.0	37.0
5	36.496066457316694	37.0	37.0	37.0	37.0	37.0
6	36.53512829987962	37.0	37.0	37.0	37.0	37.0
7	36.55656295090121	37.0	37.0	37.0	37.0	37.0
8	36.55417138589282	37.0	37.0	37.0	37.0	37.0
9	36.55723551524688	37.0	37.0	37.0	37.0	37.0
10-14	36.43908120546975	37.0	37.0	37.0	37.0	37.0
15-19	36.34971560187925	37.0	37.0	37.0	37.0	37.0
20-24	36.33588543584521	37.0	37.0	37.0	37.0	37.0
25-29	36.25365163366567	37.0	37.0	37.0	37.0	37.0
30-34	36.223890513036714	37.0	37.0	37.0	37.0	37.0
35-39	36.198977079918805	37.0	37.0	37.0	37.0	37.0
40-44	36.168125746595265	37.0	37.0	37.0	37.0	37.0
45-49	36.13962975604112	37.0	37.0	37.0	37.0	37.0
50-54	36.12207908994917	37.0	37.0	37.0	37.0	37.0
55-59	36.07861144803646	37.0	37.0	37.0	37.0	37.0
60-64	36.03862821764515	37.0	37.0	37.0	37.0	37.0
65-69	35.996934148533896	37.0	37.0	37.0	37.0	37.0
70-74	35.93780916523947	37.0	37.0	37.0	37.0	37.0
75-79	35.90927430415639	37.0	37.0	37.0	37.0	37.0
80-84	35.86028162031062	37.0	37.0	37.0	37.0	37.0
85-89	35.82796429207917	37.0	37.0	37.0	37.0	37.0
90-94	35.76579474493893	37.0	37.0	37.0	37.0	37.0
95-99	35.70395833241379	37.0	37.0	37.0	37.0	37.0
100-101	35.6069598362228	37.0	37.0	37.0	37.0	37.0
>>END_MODULE
>>Per sequence quality scores	pass
#Quality	Count
15	7.0
16	52.0
17	87.0
18	199.0
19	340.0
20	546.0
21	1200.0
22	2563.0
23	5643.0
24	10785.0
25	19552.0
26	32178.0
27	49716.0
28	72153.0
29	103482.0
30	139276.0
31	187233.0
32	237171.0
33	323723.0
34	469244.0
35	1015018.0
36	8657926.0
37	2492145.0
>>END_MODULE
>>Per base sequence content	fail
#Base	G	A	T	C
1	21.01600636305122	29.588788973182005	25.836257983854367	23.558946679912406
2	29.736453436786952	26.394679859111935	21.271218211817246	22.59764849228387
3	20.089391089053745	12.209102324923759	26.86876045697591	40.83274612904659
4	26.783164063271624	17.26772426175757	35.63946109986792	20.30965057510288
5	47.497232139038985	12.981338455868963	12.589311950393911	26.93211745469814
6	47.48977930121179	6.463824540226836	20.220808048254447	25.825588110306917
7	47.733766341363136	13.525688192685198	18.581591423176228	20.158954042775438
8	59.980998875923596	11.510419323549852	11.814205764229046	16.694376036297502
9	49.037608813691975	23.051657487667107	8.544863252781196	19.365870445859727
10-14	43.26492517172035	24.82673987967818	18.210593841647533	13.697741106953945
15-19	24.5678338611135	34.80058679545255	23.879014899116854	16.752564444317095
20-24	23.464454158284454	33.77570254700582	26.294297418407215	16.465545876302514
25-29	21.999768888632904	32.94496300590072	27.52008168925767	17.535186416208706
30-34	21.99697451171122	32.197690820636346	27.040643110470093	18.764691557182342
35-39	22.187121211616894	31.716580566168073	27.155449983992824	18.94084823822221
40-44	22.011438142880348	31.743177872163663	27.201214146397994	19.044169838557995
45-49	22.058451201411053	31.676178095274825	27.243801953988417	19.021568749325706
50-54	22.42020072159327	31.63478058791983	26.970430259131344	18.97458843135555
55-59	22.10156848825023	31.82592008721351	27.11050418818739	18.962007236348878
60-64	21.93783707217362	32.07490209103994	27.17501854678421	18.81224229000224
65-69	22.09595325154917	31.877623388859778	27.09311321276811	18.933310146822944
70-74	21.935957276347157	31.9907656564527	27.27123660270515	18.80204046449499
75-79	21.81303797536869	32.30229730376292	27.284057941398604	18.600606779469786
80-84	21.945466509210494	32.250459627051264	27.272015930621574	18.53205793311667
85-89	21.978994688868532	32.19300794003337	27.18399614362117	18.64400122747693
90-94	21.86943655605377	32.35585867943384	27.299798505655364	18.47490625885703
95-99	22.158670338479673	32.16281715533284	27.306472775181383	18.372039731006097
100-101	21.881698283220715	32.22859604671092	27.34999734809217	18.539708321976196
>>END_MODULE
>>Per base GC content	fail
#Base	%GC
1	44.57495304296363
2	52.33410192907082
3	60.92213721810034
4	47.092814638374506
5	74.42934959373713
6	73.31536741151872
7	67.89272038413857
8	76.6753749122211
9	68.4034792595517
10-14	56.96266627867429
15-19	41.320398305430594
20-24	39.93000003458697
25-29	39.53495530484161
30-34	40.76166606889357
35-39	41.1279694498391
40-44	41.05560798143834
45-49	41.08001995073676
50-54	41.39478915294882
55-59	41.063575724599104
60-64	40.75007936217586
65-69	41.02926339837211
70-74	40.73799774084215
75-79	40.41364475483848
80-84	40.47752444232716
85-89	40.62299591634547
90-94	40.3443428149108
95-99	40.53071006948578
100-101	40.421406605196914
>>END_MODULE
>>Per sequence GC content	warn
#GC Content	Count
0	240.0
1	219.5
2	203.0
3	332.0
4	1706.5
5	7206.0
6	18606.5
7	31626.5
8	40115.0
9	42126.0
10	38203.0
11	30735.0
12	23051.0
13	17310.5
14	13675.5
15	11534.5
16	10422.0
17	9811.5
18	9575.0
19	9699.0
20	10190.5
21	11411.0
22	13476.0
23	16540.5
24	21144.0
25	27845.5
26	37635.0
27	52193.5
28	72286.0
29	98817.0
30	134296.5
31	178979.0
32	228116.0
33	276114.5
34	326017.5
35	377859.5
36	426702.5
37	473997.0
38	520059.0
39	562687.0
40	601909.5
41	632424.0
42	649497.5
43	653472.5
44	649812.0
45	638557.5
46	617171.0
47	586084.5
48	538257.5
49	480113.0
50	423812.5
51	376130.0
52	338111.0
53	299263.0
54	259338.0
55	226743.0
56	201803.5
57	184436.5
58	175012.0
59	165284.5
60	149425.0
61	131352.5
62	115072.5
63	100293.0
64	86916.5
65	72859.0
66	60042.0
67	46398.5
68	34398.0
69	30575.0
70	29121.5
71	27353.5
72	22727.0
73	15038.0
74	8241.0
75	4700.5
76	2952.0
77	1485.0
78	505.0
79	191.5
80	119.0
81	78.0
82	64.0
83	73.0
84	68.5
85	42.5
86	36.0
87	37.0
88	30.0
89	22.5
90	17.0
91	15.5
92	13.5
93	14.0
94	13.5
95	12.5
96	20.0
97	18.0
98	12.0
99	6.5
100	0.5
>>END_MODULE
>>Per base N content	pass
#Base	N-Count
1	0.03967369884124291
2	0.04245946832033802
3	0.003740890443356298
4	1.1577223809226455E-4
5	0.0
6	0.0
7	1.3024376785379763E-4
8	2.8943059523066137E-5
9	0.0020766645207799953
10-14	2.6193468868374855E-4
15-19	6.584546041497546E-4
20-24	2.604875357075952E-5
25-29	4.486174226075251E-4
30-34	4.0954429225138576E-4
35-39	0.0013559823386556484
40-44	6.758204398635943E-4
45-49	0.0014326814463917737
50-54	0.002321233373749904
55-59	0.005270531139150343
60-64	3.863898446329329E-4
65-69	0.005133051606415779
70-74	0.01569871548531107
75-79	0.005691652655210955
80-84	8.972348452150501E-5
85-89	1.4471529761533067E-4
90-94	0.0
95-99	0.0
100-101	0.0
>>END_MODULE
>>Sequence Length Distribution	pass
#Length	Count
101	1.3820239E7
>>END_MODULE
>>Sequence Duplication Levels	fail
#Total Duplicate Percentage	79.76610046726907
#Duplication Level	Relative count
1	100.0
2	45.409700091675035
3	40.25843628585149
4	38.54062077094338
5	36.656917099576546
6	33.31514384249356
7	28.15296634216615
8	22.663378006722837
9	18.156022176627232
10++	73.39459553848168
>>END_MODULE
>>Overrepresented sequences	pass
>>END_MODULE
>>Kmer Content	fail
#Sequence	Count	Obs/Exp Overall	Obs/Exp Max	Max Obs/Exp Position
AAAAA	32826075	9.160353	12.209562	95-97
CTGGG	7233070	7.309937	337.55734	3
GGGGG	6586795	5.2618604	152.84418	5
CCTGG	3792050	5.0735497	233.06737	5
TGGGG	6640325	5.0691295	230.7719	4
CAGGG	4591435	3.93465	144.62814	3
GGGGA	5910795	3.8261027	91.4527	5
GCCTG	2763295	3.6971335	232.61102	4
TTTTT	5658100	3.6018891	4.429484	80-84
TGCCT	2701130	3.4535222	222.32832	3
GCTTC	2499485	3.1957095	164.12721	3
CCAGG	2587430	2.9354396	126.517105	5
TGCCA	2495260	2.7051995	120.44208	3
GCATC	2447140	2.6530309	143.50511	3
GGGCA	2981880	2.555335	54.826668	5
AGGGG	3939900	2.5503273	88.73926	4
GGGGC	2313355	2.4465513	36.293007	5
GCCAG	2093020	2.3745315	126.10648	4
GCTGG	2315525	2.3401325	118.7232	2
GGGGT	3013990	2.300837	56.96738	5
CTGCC	1273330	2.2554114	92.003136	2
CTTCC	1305695	2.2100668	72.55524	4
CTCTG	1701085	2.1749175	54.608196	7
CTTCA	2079215	2.1540797	42.88781	4
ATGCC	1960675	2.1256368	106.0185	2
TTGCC	1662305	2.1253352	76.05879	2
CTTCT	1732825	2.1171439	54.650433	4
TCTGG	2148225	2.074673	62.103176	2
TGGGC	2033120	2.0547264	69.73257	4
CCCTG	1156550	2.0485623	60.496235	7
GTGCC	1520720	2.034638	103.140755	2
GGGAA	3831015	2.0094178	28.648033	6
TTCTC	1643025	2.0074272	42.071033	5
TCTCT	1629060	1.990365	52.35635	6
CACTG	1800900	1.9524192	43.44701	7
TGCTG	1964855	1.8975813	31.397665	1
ACTGG	2247975	1.8408908	58.545498	2
CATGG	2218225	1.8165282	31.764376	5
CATCC	1252740	1.7980068	61.6835	4
TTCCC	1061630	1.7969536	48.339264	5
TTTGC	1937625	1.7882102	14.651831	1
ATGGG	2883290	1.78352	63.03289	3
TTCAA	2811075	1.7825164	5.4776053	5
GCTGC	1325185	1.7730229	14.846629	1
TCCCT	1026000	1.7366451	57.826992	6
CATCT	1655820	1.7154398	49.8333	4
CATCA	1946325	1.7097965	36.90193	4
TGCTT	1851765	1.7089709	24.38111	2
CCCAG	1126945	1.6925994	34.211117	7
GGCTT	1709370	1.6508437	36.065548	2
TTCAC	1587575	1.6447376	33.816345	5
TTGCA	2084310	1.6310893	11.862846	2
CAAGG	2344585	1.6280558	16.741676	5
CTGCA	1501100	1.6273955	8.953666	2
TTCCA	1563440	1.6197336	14.51985	5
TGCAT	2067560	1.6179817	30.3172	3
TCACT	1555310	1.611311	41.49763	6
AGCTT	1995765	1.5617981	29.349195	2
GGCTG	1533145	1.5494381	27.659592	1
CTTGC	1205295	1.5410265	22.519339	1
GCAGG	1796220	1.5392786	43.629967	2
GGGAG	2367035	1.5321999	17.624065	6
CCAAG	1657945	1.524124	5.6371245	7
GGCAT	1853925	1.5181991	30.968523	2
GCAAG	2173780	1.5094506	16.643295	4
CAGCA	1635935	1.5038906	6.8799014	1
GGAAA	3521275	1.496587	7.5061493	7
TCCTG	1169680	1.495491	32.159313	1
TTCTG	1612830	1.4884607	13.966025	1
GGGCT	1471835	1.4874765	15.88352	5
AGCTG	1813540	1.4851274	19.592852	1
TCCCA	1032395	1.4817545	32.812767	6
GGCAA	2133775	1.4816715	14.827739	6
TGCAA	2230755	1.4802464	15.941769	3
CAGCT	1350010	1.4635936	8.207828	1
TCTGC	1127010	1.4409355	22.755775	1
CCATG	1326755	1.4383819	23.183867	7
TGCAG	1753310	1.4358044	14.18398	1
GGCAG	1671995	1.4328234	11.405444	6
GGGAC	1660045	1.4225827	21.89323	6
TCTCA	1367505	1.4167438	30.15351	6
CACAG	1532710	1.4089974	24.35591	7
GCATG	1703150	1.394728	31.60876	4
GGAAG	2656780	1.3935162	9.673737	7
GGGCC	989935	1.3860077	9.735763	8
CTGCT	1074570	1.3738885	6.6711555	1
GGGAT	2220840	1.3737477	21.186779	6
CTCAG	1264580	1.3709757	31.560112	7
ATCTC	1315300	1.3626591	39.02659	5
CATGC	1250785	1.3560201	28.62794	1
ATTGC	1726045	1.350727	21.69523	1
CCTGC	760470	1.3469977	15.014275	1
TGGCT	1394590	1.3468413	7.9575815	1
CGCTG	995135	1.3314347	45.56595	1
ACTGC	1218600	1.3211272	25.091282	1
AAGCA	2337635	1.3153023	7.416082	1
TCACA	1486335	1.3057073	23.305756	6
TCCAT	1259510	1.3048602	22.152132	6
TCCAA	1479375	1.299593	5.4362907	6
GGCTC	969445	1.2970629	5.625094	6
AGCAG	1857990	1.2901692	9.5884	1
TTCAG	1633965	1.2786692	8.415173	1
GGGTG	1664885	1.2709495	13.110815	6
TCAGG	1550915	1.270061	33.11923	2
AAGCT	1912165	1.268842	8.990422	1
TGTGC	1296040	1.2516655	21.438032	1
TCCAG	1141380	1.2374103	12.955822	1
AATGC	1863205	1.236354	28.47021	1
ATGCA	1856115	1.2316492	15.861853	2
AACTG	1843390	1.2232053	9.5518	1
GTTGC	1251325	1.2084816	13.346387	1
GGTGC	1193965	1.2066535	21.010439	1
ATCAC	1359650	1.1944177	29.93455	5
CAATG	1790410	1.1880498	8.448908	7
CGTGC	884470	1.1833711	27.665176	1
GGAGA	2253825	1.1821609	5.214237	7
AGGGC	1378690	1.1814743	23.061476	4
GGGTT	1608640	1.1734966	14.382283	6
ACCTG	1082230	1.1732837	23.168509	1
GATGC	1425840	1.1676358	20.149717	1
TGGCA	1423665	1.1658547	7.139886	1
CGCTT	911720	1.1656771	35.316692	2
ACAGG	1676245	1.1639674	26.75042	2
GGCAC	1011575	1.1476321	14.545869	6
AGCAT	1727950	1.1466037	25.122757	2
GTGCA	1393545	1.1411891	13.483941	2
ATCCC	793295	1.138584	41.07247	5
GAGCT	1383285	1.132787	6.3465214	1
TCATG	1427760	1.1173023	9.46389	1
GGGTC	1103225	1.1149492	14.174154	6
AAGGG	2112330	1.1079448	12.587125	6
GATGG	1790165	1.1073445	16.638113	2
ATCCA	1252645	1.1004164	12.481143	5
CGCAG	969870	1.1003176	13.0064945	1
GTGCT	1127315	1.0887175	6.3989716	1
GGAAC	1554260	1.0792623	6.046942	7
TGGGA	1738640	1.0754726	21.272991	4
ATGCT	1366705	1.0695232	7.474709	1
TCAAT	1674185	1.0616089	8.104582	6
CCGCA	700810	1.0525719	7.7922764	1
ACCAG	1139210	1.0472587	11.070131	1
TGGGT	1429060	1.0424937	22.554361	4
GGATG	1684210	1.0418038	7.6687474	7
GGACA	1494985	1.0381023	6.456448	7
GTCTG	1066170	1.029666	16.426575	1
AGTGC	1240515	1.0158712	24.8324	1
ACATG	1520070	1.0086622	7.191307	1
GGATT	1699995	1.0048848	5.217219	7
GACTG	1225530	1.0035998	12.363136	1
AGGCA	1445210	1.003539	8.056898	1
ATCAG	1487915	0.9873253	7.0489492	1
GAGCA	1414770	0.9824018	5.195107	1
AGGCT	1199165	0.9820091	9.927395	1
AGGGA	1869195	0.9804174	7.7513704	4
ATCTG	1244670	0.9740241	11.867845	1
AATGG	1929980	0.96735996	7.444957	2
TCGCT	754440	0.96458715	9.109385	1
GGGCG	866565	0.91645944	10.934936	5
GGACG	1064580	0.9122965	5.259064	7
TACTG	1164170	0.9110283	17.180552	1
CGCAT	827205	0.8968022	30.55829	2
TTCTA	1196515	0.89477223	7.6465287	5
GGGTA	1444285	0.8933931	14.781306	6
GGATC	1088510	0.8913926	5.92912	7
TCGCA	800605	0.86796415	8.172572	1
CGGCA	761740	0.86419415	12.078639	1
GGACT	1023625	0.8382575	5.133222	7
TATGC	1055125	0.82569444	22.095573	1
CGGCT	613425	0.8207282	13.259493	1
CGATG	987640	0.8087891	7.178044	1
GTCAG	975390	0.7987574	6.778579	1
TCTCG	624200	0.7980692	7.2838454	5
TAGCA	1179360	0.78257966	6.6151133	1
CTCGG	584865	0.7825165	14.634069	6
TATGG	1323630	0.78241146	14.247239	2
CACGG	687895	0.78041697	19.541763	6
CCGCT	433720	0.7682352	7.9172263	1
TACAG	1153745	0.7655825	8.21905	1
GCGCA	668160	0.7580276	7.2857294	1
GCGCT	556525	0.74459916	8.915642	1
CTATG	931220	0.72873193	12.414966	7
CGGGG	684615	0.72403324	24.785997	8
TCTAT	947970	0.70890653	11.873246	6
TCACG	651740	0.7065744	8.355101	5
ACTCG	648780	0.70336527	5.6405206	5
AGGGT	1100140	0.68051493	7.134495	4
ACGCA	736595	0.6771408	8.455867	1
CGGGC	461840	0.64662206	10.2912	8
TAGCT	826265	0.6465987	6.986245	1
ACGGG	746560	0.6397678	20.128988	7
ACGCT	583835	0.63295615	10.3879175	1
ACACG	675700	0.6211609	8.73555	5
ATCTA	892115	0.56569445	6.603756	5
TCGGG	543445	0.54922026	12.367523	7
TAGGG	565705	0.3499288	6.3388734	7
CTAGG	422315	0.34583828	5.1649947	6
>>END_MODULE
