##FastQC	0.10.1
>>Basic Statistics	pass
#Measure	Value	
Filename	Acer-123_S62_L001_R1_001.fastq.gz	
File type	Conventional base calls	
Encoding	Sanger / Illumina 1.9	
Total Sequences	8075522	
Filtered Sequences	0	
Sequence length	101	
%GC	43	
>>END_MODULE
>>Per base sequence quality	pass
#Base	Mean	Median	Lower Quartile	Upper Quartile	10th Percentile	90th Percentile
1	36.3038076052545	37.0	37.0	37.0	37.0	37.0
2	36.37936990327065	37.0	37.0	37.0	37.0	37.0
3	36.342363007617344	37.0	37.0	37.0	37.0	37.0
4	36.36174788453304	37.0	37.0	37.0	37.0	37.0
5	36.50747604922629	37.0	37.0	37.0	37.0	37.0
6	36.54365773506654	37.0	37.0	37.0	37.0	37.0
7	36.56709114283881	37.0	37.0	37.0	37.0	37.0
8	36.55282283919232	37.0	37.0	37.0	37.0	37.0
9	36.565733583538005	37.0	37.0	37.0	37.0	37.0
10-14	36.45914602176801	37.0	37.0	37.0	37.0	37.0
15-19	36.3885709926863	37.0	37.0	37.0	37.0	37.0
20-24	36.37653508962021	37.0	37.0	37.0	37.0	37.0
25-29	36.299668925426744	37.0	37.0	37.0	37.0	37.0
30-34	36.26512500368398	37.0	37.0	37.0	37.0	37.0
35-39	36.23547245614587	37.0	37.0	37.0	37.0	37.0
40-44	36.19637759639563	37.0	37.0	37.0	37.0	37.0
45-49	36.15827090806018	37.0	37.0	37.0	37.0	37.0
50-54	36.13431102038977	37.0	37.0	37.0	37.0	37.0
55-59	36.08422596087287	37.0	37.0	37.0	37.0	37.0
60-64	36.0260123865677	37.0	37.0	37.0	37.0	37.0
65-69	35.977471598739996	37.0	37.0	37.0	37.0	37.0
70-74	35.90656140866188	37.0	37.0	37.0	37.0	37.0
75-79	35.85726530123998	37.0	37.0	37.0	37.0	37.0
80-84	35.77918452825712	37.0	37.0	37.0	37.0	37.0
85-89	35.74388887801928	37.0	37.0	37.0	37.0	37.0
90-94	35.677261432759394	37.0	37.0	37.0	37.0	37.0
95-99	35.5968681405363	37.0	37.0	37.0	37.0	37.0
100-101	35.491356719726596	37.0	37.0	37.0	37.0	37.0
>>END_MODULE
>>Per sequence quality scores	pass
#Quality	Count
15	3.0
16	19.0
17	61.0
18	122.0
19	195.0
20	386.0
21	768.0
22	1515.0
23	3393.0
24	6147.0
25	10715.0
26	17466.0
27	27809.0
28	40755.0
29	60558.0
30	82117.0
31	113956.0
32	148596.0
33	205636.0
34	295737.0
35	600782.0
36	4925192.0
37	1533594.0
>>END_MODULE
>>Per base sequence content	fail
#Base	G	A	T	C
1	21.118416219744407	29.34375547000514	25.90038220199536	23.637446108255094
2	29.876079027958095	26.145169522601364	21.28613690647268	22.69261454296786
3	20.01385720760549	12.071113852006508	27.223369765777278	40.69165917461072
4	27.142336521612176	17.135967889114713	35.48777124733933	20.233924341933772
5	47.34440696217532	12.863118941413324	12.489285522347657	27.303188574063697
6	47.34467939038492	6.418903942060959	20.13386874557459	26.102547921979536
7	47.58685799248072	13.553733888476874	18.78609756982501	20.073310549217393
8	60.82172283373419	11.371662583751563	11.469823433063947	16.336791149450296
9	49.618705533085354	23.196414388117176	7.941440817813539	19.243439260983934
10-14	43.28865292692058	25.711477219803452	17.612301701157612	13.387568152118364
15-19	24.44795658952358	36.469810425894714	22.75455174745247	16.327681237129234
20-24	23.360519452485416	35.685447405715706	25.005830585583972	15.948202556214907
25-29	21.812689414348153	34.920367247842165	26.234980497391376	17.031962840418306
30-34	21.735409350905787	34.18336914706521	25.731586819925862	18.349634682103144
35-39	21.929273331950206	33.642143270160396	25.853587063957402	18.574996333932
40-44	21.766695932249146	33.65565100235652	25.889995257241992	18.68765780815234
45-49	21.930995693221238	33.64124343423349	25.80867668745942	18.619084185085857
50-54	22.24755312931422	33.59482011817021	25.551678674672413	18.605948077843163
55-59	21.92839036904494	33.74170210178541	25.685412429612214	18.644495099557442
60-64	21.880528762019942	34.095301728062104	25.668835631264198	18.355333878653756
65-69	22.039774503638508	33.878863506778856	25.62701510073086	18.454346888851774
70-74	21.81916348231753	34.01261133291004	25.73313927725961	18.435085907512814
75-79	21.631240172814806	34.31007376698454	25.913121416678003	18.14556464352265
80-84	21.774688173958797	34.20446321658706	25.934577871110143	18.086270738344002
85-89	21.771569465836624	34.13913171013607	25.799686276184197	18.289612547843102
90-94	21.684317125258282	34.40463662906249	25.794902174744866	18.11614407093436
95-99	22.13347996905909	34.06812671844933	25.778304505350974	18.02008880714061
100-101	21.836916548552527	34.11401145337726	25.867281396793917	18.1817906012763
>>END_MODULE
>>Per base GC content	fail
#Base	%GC
1	44.7558623279995
2	52.56869357092596
3	60.70551638221621
4	47.37626086354595
5	74.64759553623902
6	73.44722731236445
7	67.66016854169811
8	77.15851398318449
9	68.8621447940693
10-14	56.67622107903894
15-19	40.77563782665282
20-24	39.30872200870032
25-29	38.84465225476646
30-34	40.085044033008934
35-39	40.504269665882205
40-44	40.45435374040149
45-49	40.550079878307095
50-54	40.85350120715738
55-59	40.57288546860238
60-64	40.235862640673695
65-69	40.494121392490285
70-74	40.25424938983035
75-79	39.77680481633746
80-84	39.8609589123028
85-89	40.06118201367973
90-94	39.80046119619264
95-99	40.1535687761997
100-101	40.01870714982883
>>END_MODULE
>>Per sequence GC content	warn
#GC Content	Count
0	421.0
1	339.0
2	231.0
3	401.0
4	2719.0
5	12372.0
6	31433.5
7	51534.0
8	62992.5
9	63130.0
10	54003.0
11	40514.5
12	27741.5
13	18571.0
14	13442.5
15	10774.0
16	9193.0
17	8347.5
18	7851.0
19	7567.0
20	7634.0
21	8137.5
22	8940.0
23	10499.5
24	13355.0
25	16763.0
26	21617.5
27	29717.0
28	41101.5
29	54925.0
30	72226.5
31	94451.5
32	119015.0
33	144003.0
34	170361.5
35	197227.5
36	221862.5
37	248212.0
38	273729.5
39	296101.0
40	319644.0
41	339179.5
42	349857.0
43	354465.5
44	357885.0
45	357048.5
46	348239.5
47	332758.0
48	307470.5
49	274972.5
50	244142.5
51	219845.5
52	203305.0
53	184823.5
54	160950.5
55	142709.5
56	131522.0
57	124217.5
58	120192.5
59	113900.0
60	102313.0
61	87831.0
62	75347.5
63	65083.5
64	55194.0
65	46124.0
66	37853.5
67	28630.0
68	21594.0
69	19671.5
70	19713.5
71	19381.5
72	16179.0
73	10221.0
74	4910.0
75	2353.0
76	1278.0
77	662.5
78	278.5
79	97.5
80	57.5
81	51.0
82	45.5
83	34.0
84	33.0
85	32.5
86	28.5
87	22.0
88	14.5
89	12.5
90	10.5
91	12.5
92	12.5
93	8.5
94	8.5
95	9.0
96	10.0
97	9.5
98	7.0
99	7.0
100	3.5
>>END_MODULE
>>Per base N content	pass
#Base	N-Count
1	0.03825139724713771
2	0.042622631701083845
3	0.0037396963317046254
4	6.191550218054016E-5
5	0.0
6	0.0
7	1.6098030566940441E-4
8	1.238310043610803E-5
9	0.0016841016593106921
10-14	2.6004510915826867E-4
15-19	6.439212226776177E-4
20-24	4.705578165721052E-5
25-29	4.730344366593268E-4
30-34	4.309318951765595E-4
35-39	0.0013943371091057642
40-44	6.439212226776177E-4
45-49	0.0013992903492802075
50-54	0.0023181164016394234
55-59	0.005386648689706994
60-64	3.120541309899224E-4
65-69	0.005317303327264789
70-74	0.016001442383538796
75-79	0.00585968312636632
80-84	1.213543842738587E-4
85-89	1.4116734497163154E-4
90-94	0.0
95-99	2.476620087221606E-6
100-101	0.0
>>END_MODULE
>>Sequence Length Distribution	pass
#Length	Count
101	8075522.0
>>END_MODULE
>>Sequence Duplication Levels	fail
#Total Duplicate Percentage	81.32093100512843
#Duplication Level	Relative count
1	100.0
2	41.03863767729314
3	32.870926148237075
4	32.7531012404962
5	33.87799564270153
6	32.05504423991819
7	29.685207416299853
8	26.374994442221332
9	21.684229247254457
10++	94.28215730736738
>>END_MODULE
>>Overrepresented sequences	pass
>>END_MODULE
>>Kmer Content	fail
#Sequence	Count	Obs/Exp Overall	Obs/Exp Max	Max Obs/Exp Position
AAAAA	38418225	13.972968	17.662287	95-97
CTGGG	4250230	7.9839516	366.5444	3
CCTGG	2260710	5.707122	263.4059	5
GGGGG	3986030	5.58103	163.05229	5
TGGGG	3950930	5.522527	251.0749	4
TTTTT	3061610	4.250573	5.264635	80-84
GCCTG	1641285	4.1433945	262.92282	4
TGCCT	1620680	4.084457	262.57693	3
GGGGA	3636090	3.887979	91.94314	5
CAGGG	2703770	3.8853123	140.52629	3
GCTTC	1461205	3.682546	187.99405	3
CCAGG	1529340	2.9534328	127.13748	5
TGCCA	1451370	2.7981174	126.597694	3
GCATC	1415995	2.7299175	148.9993	3
CTGCC	777650	2.638295	105.05531	2
GGGGC	1380325	2.5972993	36.25361	5
CTTCC	757520	2.5656536	85.9744	4
GCTGG	1360145	2.5549986	129.0482	2
CTTCT	1005560	2.5299375	64.61722	4
AGGGG	2332475	2.4940567	86.13326	4
GGGCA	1728235	2.4834704	50.868782	5
TTGCC	960820	2.42147	89.22551	2
CTCTG	949815	2.3937352	62.388275	7
GCCAG	1239250	2.3932164	126.79444	4
GGGGT	1672665	2.3380163	55.50545	5
CCCTG	684325	2.3216758	68.48637	7
TCTCT	910300	2.2902682	62.42916	6
TTCTC	906320	2.2802546	49.80071	5
TCTGG	1203450	2.256827	69.73488	2
GTGCC	888785	2.2437215	116.94258	2
CTTCA	1163240	2.238834	45.92984	4
ATGCC	1157040	2.2306745	111.68566	2
TGGGC	1150850	2.161843	71.435936	4
TTCCC	631780	2.1397834	57.298615	5
TGCTG	1130580	2.120174	34.99114	1
TCCCT	619260	2.0973792	68.36395	6
TTTGC	1063785	1.991539	17.818995	1
CACTG	1021760	1.9698663	44.750706	7
GCTGC	778715	1.965852	16.548922	1
GGGAA	2387100	1.9492855	28.938171	6
GGCTT	1025805	1.9236896	40.75328	2
TGCTT	1026720	1.9221486	28.79541	2
CATCC	725685	1.8801947	66.0201	4
ACTGG	1299530	1.8642633	59.163914	2
CATGG	1265170	1.8149716	32.42684	5
TTGCT	960905	1.7989347	5.95905	1
CATCT	925350	1.7809782	53.749714	4
ATGGG	1661160	1.7732319	62.794712	3
CCCAG	670975	1.7413907	35.148296	7
CTTGC	688715	1.7357078	26.393608	1
TTCTG	918210	1.7190043	16.164307	1
TCTGC	677205	1.7067001	27.044365	1
TTCAA	1553080	1.6986156	5.374687	5
GGCTG	893015	1.6775064	30.786171	1
TCCTG	663620	1.672463	37.943333	1
TGCAT	1162090	1.6642765	32.399025	3
TTCAC	863505	1.661948	36.27368	5
CTGCA	860635	1.6592308	9.170495	2
AGCTT	1153315	1.6517094	31.265205	2
TTGCA	1148765	1.6451932	12.999838	2
TTCCA	852965	1.6416621	15.962026	5
TCACT	852520	1.6408057	44.67407	6
GGGCT	864900	1.6246932	16.20126	5
CATCA	1096850	1.6149184	35.730957	4
CAAGG	1430650	1.5700198	15.623119	5
CAGCT	811240	1.5640014	8.127898	1
TCCCA	600725	1.5564328	35.156696	6
CTGCT	612400	1.5433778	7.6207156	1
GGCAT	1069885	1.5348221	31.971743	2
GGGAG	1426490	1.5253098	16.662294	6
GCAGG	1059250	1.52214	42.408627	2
CCTGC	447380	1.5178041	16.792864	1
AGCTG	1053105	1.51075	19.342304	1
CCATG	773750	1.491724	24.593157	7
TGGCT	787985	1.4777062	8.954629	1
CGCTG	585190	1.4773016	51.489616	1
GGGCC	574870	1.4537079	10.2697735	8
TCTCA	754895	1.4529114	32.62184	6
TGCAG	1009170	1.4477223	14.408375	1
CATGC	748890	1.443796	30.078651	1
GGCAG	1004245	1.4430982	10.186749	6
GGGAC	999130	1.4357479	21.47392	6
GGGAT	1332435	1.4223291	21.615383	6
CCAAG	961865	1.4185761	5.362252	7
GCATG	988685	1.4183352	32.26907	4
ATCTC	733165	1.4110886	42.393036	5
TGCAA	1287860	1.4109287	15.519426	3
GCAAG	1278430	1.4029708	15.514819	4
CTCAG	726375	1.4003891	32.717323	7
TGTGC	746195	1.3993376	25.088984	1
CAGCA	937495	1.382635	6.3307905	1
GGCAA	1255505	1.3778125	13.1059675	6
ATTGC	957905	1.3718548	23.665869	1
GGCTC	538800	1.360191	5.3025117	6
GGAAA	2173760	1.3556013	8.107553	7
CGTGC	535480	1.3518096	30.322535	1
TCCAT	692850	1.3334962	24.55529	6
GGGTG	944350	1.3199927	12.261011	6
CGCTT	523740	1.3199358	40.19678	2
ACTGC	684305	1.3192817	26.3366	1
GGAAG	1605410	1.3109642	9.316958	7
GTTGC	694615	1.3026098	15.323358	1
TTCAG	898390	1.286621	8.868271	1
CACAG	869225	1.2819492	22.652782	7
GGTGC	678610	1.274752	23.233229	1
TCAGG	883920	1.2680427	33.73059	2
TCCAG	657130	1.2668905	13.312873	1
GGGTT	904155	1.2616712	14.064774	6
GGAGC	863950	1.2414945	5.3571453	8
GATGC	851830	1.2220075	21.03638	1
TCCAA	823585	1.2125838	5.3953104	6
ACCTG	627145	1.2090821	24.132917	1
AGCAG	1101100	1.208366	8.792462	1
TCACA	812995	1.1969918	22.63517	6
GAGCT	831690	1.1931152	6.773531	1
GTGCT	634315	1.1895293	7.0859714	1
ATCCC	458905	1.188988	43.777077	5
AAGCT	1084180	1.1877849	8.61381	1
TGGCA	825745	1.1845866	7.3347416	1
ATGCA	1077000	1.1799188	15.300454	2
GTGCA	807450	1.1583413	13.810455	2
GGCAC	598605	1.1560148	14.361496	6
AGGGC	804245	1.1556985	21.299677	4
AACTG	1053285	1.1539378	8.788755	1
AATGC	1047845	1.1479777	27.211748	1
GGGTC	610025	1.1459167	13.747251	6
TCATG	794705	1.1381295	10.091672	1
TGGGT	813215	1.1347722	23.111393	4
GTCTG	598290	1.1219717	18.510908	1
AAGCA	1337650	1.1210622	6.2745557	1
ATCAC	758670	1.1170077	29.182457	5
ATGCT	776655	1.1122793	8.007719	1
GATGG	1035740	1.1056173	16.691776	2
AGCAT	1005950	1.1020794	24.07091	2
ACAGG	994890	1.0918093	24.208601	2
CGCAG	555730	1.0732154	12.763657	1
CAATG	976080	1.0693551	7.8035245	7
TGGGA	1001135	1.0686775	21.465569	4
GGATG	997055	1.0643225	7.7783914	7
GGATT	997965	1.063492	5.3470287	7
TCGCT	421095	1.0612487	10.220077	1
GGAAC	952050	1.044796	5.819849	7
AAGGG	1269930	1.037014	11.569566	6
ATCCA	701110	1.0322609	12.492692	5
AGGCT	718185	1.0302848	10.209733	1
AGTGC	717200	1.0288717	26.427076	1
CCGCA	387380	1.0053728	7.7256227	1
GACTG	695435	0.9976483	12.741453	1
TCAAT	895250	0.97914165	7.7966886	6
GGGCG	519410	0.97735196	10.269789	5
ATCTG	681460	0.97594666	12.399452	1
ACCAG	657870	0.97023886	10.452533	1
AGGCA	883730	0.9698203	7.46776	1
GGACG	673195	0.9673799	5.2073193	7
ACATG	878770	0.962746	6.8340454	1
TTCTA	672850	0.9619859	8.344695	5
AGGGA	1159680	0.94698477	7.0791616	4
GGACA	859880	0.94364697	6.0055933	7
ATCAG	855290	0.9370222	6.716528	1
TACTG	638990	0.91512364	18.118855	1
GGATC	626995	0.8994665	6.206628	7
CGCAT	466415	0.8992083	31.429804	2
TCTCG	355470	0.8958597	8.538461	5
AATGG	1097875	0.89499885	6.825533	2
CGGCT	352830	0.890713	14.7367	1
CGGCA	457930	0.8843458	12.247187	1
CCGCT	259720	0.8811393	8.674722	1
GGGTA	812505	0.8673215	14.548308	6
TATGC	602765	0.8632443	24.447872	1
CTCGG	340145	0.85868996	16.055677	6
TCGCA	440250	0.8487644	8.355285	1
CGATG	586645	0.84158176	7.3800015	1
GGACT	584195	0.83806705	5.1804223	7
TTGGG	590685	0.82425064	5.138519	7
GCGCT	325490	0.82169366	10.095258	1
CACGG	421385	0.8137709	18.795261	6
GTCAG	562070	0.8063272	6.908612	1
CGGGG	420455	0.7911525	25.489607	8
TATGG	737890	0.78634024	14.763954	2
CTATG	517500	0.74113286	12.813852	7
TCTAT	516395	0.7382994	12.793566	6
TAGCA	672490	0.7367536	6.433105	1
GCGCA	380900	0.73558694	7.1143537	1
TACAG	656515	0.7192521	7.7231297	1
ACTCG	371385	0.7159986	5.7015	5
CGGGC	281785	0.7125665	10.039212	8
TCACG	355490	0.6853544	8.199763	5
AGGGT	626240	0.66848993	6.753643	4
TAGCT	450550	0.64525104	7.4641395	1
ACGCT	333080	0.6421498	10.5486765	1
ACGCA	430385	0.63473976	7.9714704	1
ACGGG	439965	0.63222885	18.937164	7
TCGGG	328170	0.6164592	13.31634	7
ACACG	388925	0.5735938	8.080795	5
ATCTA	491770	0.5378525	6.438698	5
TAGGG	299430	0.31963134	5.86809	7
>>END_MODULE
