##FastQC	0.10.1
>>Basic Statistics	pass
#Measure	Value	
Filename	Acer-034_S30_L001_R1_001.fastq.gz	
File type	Conventional base calls	
Encoding	Sanger / Illumina 1.9	
Total Sequences	15041032	
Filtered Sequences	0	
Sequence length	101	
%GC	44	
>>END_MODULE
>>Per base sequence quality	pass
#Base	Mean	Median	Lower Quartile	Upper Quartile	10th Percentile	90th Percentile
1	36.26115967308626	37.0	37.0	37.0	37.0	37.0
2	36.34463393203339	37.0	37.0	37.0	37.0	37.0
3	36.31329957944375	37.0	37.0	37.0	37.0	37.0
4	36.32758144520935	37.0	37.0	37.0	37.0	37.0
5	36.48030946280814	37.0	37.0	37.0	37.0	37.0
6	36.51898792582849	37.0	37.0	37.0	37.0	37.0
7	36.53952421615751	37.0	37.0	37.0	37.0	37.0
8	36.527790446825726	37.0	37.0	37.0	37.0	37.0
9	36.540529399844374	37.0	37.0	37.0	37.0	37.0
10-14	36.413629450426015	37.0	37.0	37.0	37.0	37.0
15-19	36.3293455661819	37.0	37.0	37.0	37.0	37.0
20-24	36.312956318422835	37.0	37.0	37.0	37.0	37.0
25-29	36.234791974380485	37.0	37.0	37.0	37.0	37.0
30-34	36.20085912987885	37.0	37.0	37.0	37.0	37.0
35-39	36.17147052143763	37.0	37.0	37.0	37.0	37.0
40-44	36.13467903000273	37.0	37.0	37.0	37.0	37.0
45-49	36.09718381025983	37.0	37.0	37.0	37.0	37.0
50-54	36.07522890716541	37.0	37.0	37.0	37.0	37.0
55-59	36.02648983128286	37.0	37.0	37.0	37.0	37.0
60-64	35.98057764919322	37.0	37.0	37.0	37.0	37.0
65-69	35.935362360774185	37.0	37.0	37.0	37.0	37.0
70-74	35.87394519205863	37.0	37.0	37.0	37.0	37.0
75-79	35.83349135883761	37.0	37.0	37.0	37.0	37.0
80-84	35.77377963161039	37.0	37.0	37.0	37.0	37.0
85-89	35.745056988110925	37.0	37.0	37.0	37.0	37.0
90-94	35.67134619486216	37.0	37.0	37.0	37.0	37.0
95-99	35.603597652076004	37.0	37.0	37.0	37.0	37.0
100-101	35.49994415276824	37.0	37.0	37.0	37.0	37.0
>>END_MODULE
>>Per sequence quality scores	pass
#Quality	Count
14	1.0
15	12.0
16	41.0
17	114.0
18	200.0
19	333.0
20	666.0
21	1817.0
22	3870.0
23	8395.0
24	15880.0
25	27946.0
26	43173.0
27	63968.0
28	88044.0
29	123311.0
30	160319.0
31	213387.0
32	270404.0
33	367257.0
34	527716.0
35	1113531.0
36	9288367.0
37	2722280.0
>>END_MODULE
>>Per base sequence content	fail
#Base	G	A	T	C
1	21.10598275306474	29.371056528591193	25.997937497734476	23.525023220609594
2	29.948361613967613	26.17160125556119	21.261498180990028	22.618538949481167
3	20.005291061224785	11.946861203257003	27.082161909797847	40.965685825720364
4	27.007481739437765	17.02218885273812	35.736709628954046	20.233619778870064
5	47.504360073165195	12.852017069041539	12.47177055404177	27.1718523037515
6	47.507504804191626	6.335123813312809	20.134163666429274	26.023207716066292
7	47.76512031006426	13.391819206833903	18.764922118599607	20.078138364502227
8	61.23024412355775	11.43791273350876	11.225979123372595	16.105864019560894
9	49.54343464322533	23.703634558362722	7.572445368864465	19.18048542954748
10-14	44.18497567028144	25.449970779179807	16.815690788606314	13.549362761932432
15-19	25.82858934690823	35.62402442911667	21.846644552086676	16.700741671888416
20-24	24.747198157232532	34.5293556233677	24.38587980705789	16.33756641234188
25-29	22.987909185013265	33.8511704616521	25.63438057776482	17.52653977556981
30-34	22.850465743165195	32.99128762434652	25.190597719474546	18.96764891301375
35-39	23.2171283058399	32.36575208995469	25.217102722183483	19.200016882021924
40-44	22.969299575085024	32.38404194248944	25.317231536564233	19.329426945861304
45-49	23.159341340271393	32.422032986706895	25.15664170065594	19.26198397236577
50-54	23.52733942631378	32.37368935586492	24.859003865246663	19.23996735257464
55-59	23.16929114958844	32.57449685727198	24.983215034286808	19.272996958852772
60-64	22.995759250979408	32.96906483788451	24.96807421061467	19.06710170052141
65-69	23.240747635812774	32.67075099213684	24.935140766146127	19.153360605904258
70-74	22.887681988588966	32.7257915000159	25.292425472226366	19.094101039168766
75-79	22.723979794362016	33.10664084200699	25.332783181008878	18.836596182622113
80-84	23.016777515731476	33.1960585393693	25.117541539561504	18.669622405337723
85-89	22.941186404212697	33.10624045775643	25.025488976406642	18.92708416162423
90-94	22.754828259124775	33.28376935837913	25.15614088182247	18.805261500673623
95-99	23.24614428052543	32.9268364032468	25.202349147319147	18.624670168908622
100-101	22.87166864614077	33.01784412133423	25.331712611209124	18.77877462131588
>>END_MODULE
>>Per base GC content	fail
#Base	%GC
1	44.631005973674334
2	52.56690056344878
3	60.97097688694515
4	47.24110151830783
5	74.6762123769167
6	73.53071252025792
7	67.84325867456648
8	77.33610814311864
9	68.72392007277281
10-14	57.734338432213875
15-19	42.529331018796654
20-24	41.08476456957441
25-29	40.514448960583074
30-34	41.81811465617894
35-39	42.41714518786183
40-44	42.29872652094633
45-49	42.42132531263716
50-54	42.767306778888425
55-59	42.44228810844121
60-64	42.06286095150082
65-69	42.394108241717035
70-74	41.98178302775773
75-79	41.56057597698413
80-84	41.6863999210692
85-89	41.86827056583692
90-94	41.560089759798394
95-99	41.87081444943406
100-101	41.65044326745665
>>END_MODULE
>>Per sequence GC content	warn
#GC Content	Count
0	370.0
1	337.0
2	318.5
3	478.0
4	2158.5
5	9303.0
6	24212.5
7	42167.5
8	55542.0
9	59948.0
10	55570.5
11	46054.0
12	35650.5
13	27018.5
14	21402.5
15	18219.5
16	16374.0
17	15257.0
18	14467.5
19	14122.5
20	14273.0
21	14978.5
22	16177.0
23	18298.5
24	21938.0
25	26923.0
26	33777.5
27	44929.0
28	60205.0
29	79333.5
30	104850.0
31	137293.5
32	175110.5
33	215709.0
34	260540.0
35	309653.0
36	358013.5
37	408579.5
38	462942.0
39	517661.0
40	575950.5
41	627851.5
42	659933.0
43	679253.0
44	694093.0
45	701955.0
46	698821.0
47	676798.5
48	630786.0
49	570709.0
50	513339.0
51	471629.0
52	441641.0
53	403635.5
54	356570.0
55	319252.5
56	294250.0
57	273743.0
58	256763.0
59	237146.5
60	211291.5
61	183743.0
62	156547.5
63	131386.5
64	110501.0
65	90026.0
66	69623.0
67	53621.0
68	44151.5
69	40462.5
70	36961.5
71	32561.5
72	26117.0
73	16502.5
74	7544.5
75	2880.0
76	1229.5
77	575.0
78	290.0
79	182.5
80	115.5
81	95.0
82	78.0
83	65.0
84	48.5
85	39.0
86	40.5
87	31.0
88	30.0
89	28.0
90	20.0
91	15.5
92	11.5
93	11.0
94	14.5
95	17.5
96	22.0
97	23.5
98	22.0
99	13.0
100	2.0
>>END_MODULE
>>Per base N content	pass
#Base	N-Count
1	0.03920608639088063
2	0.043082150214160835
3	0.0037962820636243577
4	7.313327968453228E-5
5	0.0
6	0.0
7	1.3961807939774344E-4
8	6.648479971321116E-6
9	0.001662119992830279
10-14	2.9386281473239335E-4
15-19	6.329352932697704E-4
20-24	1.5956351931170683E-5
25-29	4.042275822563239E-4
30-34	3.975791022850028E-4
35-39	0.0011940670028492725
40-44	6.222977253156566E-4
45-49	0.0013935214019889061
50-54	0.002233889270363895
55-59	0.005231024041435455
60-64	3.7896335836530364E-4
65-69	0.005106032617974618
70-74	0.015935076795262453
75-79	0.005543502600087547
80-84	5.983631974189006E-5
85-89	1.3296959942642232E-4
90-94	0.0
95-99	0.0
100-101	0.0
>>END_MODULE
>>Sequence Length Distribution	pass
#Length	Count
101	1.5041032E7
>>END_MODULE
>>Sequence Duplication Levels	fail
#Total Duplicate Percentage	76.87789975463193
#Duplication Level	Relative count
1	100.0
2	51.63923533990167
3	43.719270269757196
4	39.54856958444862
5	32.304421284431534
6	25.83290620194772
7	19.067145053818553
8	13.928279894451089
9	10.306205744442545
10++	43.32630939499212
>>END_MODULE
>>Overrepresented sequences	pass
>>END_MODULE
>>Kmer Content	fail
#Sequence	Count	Obs/Exp Overall	Obs/Exp Max	Max Obs/Exp Position
AAAAA	46989465	10.728952	14.307588	95-97
CTGGG	7992805	7.0665894	325.32257	3
CCTGG	4186755	5.048062	233.76317	5
TGGGG	7499925	4.8621798	220.95149	4
GGGGG	7383265	4.480475	131.20476	5
TTTTT	4646360	3.9235651	5.070536	95-97
TGCCT	2990055	3.8514545	249.26968	3
GCCTG	3076290	3.70915	233.26024	4
GCTTC	2740380	3.529851	179.22742	3
CAGGG	5113060	3.4800801	123.88866	3
GGGGA	6953650	3.470441	84.47807	5
TGCCA	2701755	2.6791024	119.64459	3
GCATC	2700945	2.6782994	142.41684	3
CCAGG	2858405	2.6531918	112.52631	5
CTTCT	1848085	2.543115	67.27059	4
CTTCC	1392955	2.4469166	81.08578	4
CTGCC	1471885	2.420235	94.36015	2
CTCTG	1855410	2.3899317	60.195843	7
GCTGG	2643585	2.3372433	115.3358	2
TTGCC	1808195	2.3291147	83.50117	2
TCTCT	1684515	2.3180294	64.36539	6
CTTCA	2169335	2.2980971	47.430176	4
TCTGG	2373085	2.2414155	66.81963	2
GGGCA	3262115	2.2202795	45.01371	5
GCCAG	2388560	2.2170784	112.07446	4
AGGGG	4436020	2.2139378	75.92301	4
TTCTC	1597490	2.1982758	51.79294	5
GGGGC	2611445	2.1611903	30.369984	5
ATGCC	2110500	2.092805	106.18719	2
GTGCC	1726675	2.0818896	104.083405	2
CCCTG	1260050	2.0719125	60.676342	7
TGCTG	2170365	2.0499432	33.959415	1
GGGGT	3091400	2.0041456	47.45619	5
TTTGC	1942825	1.9603845	17.476511	1
TTCCC	1096920	1.9268905	53.914318	5
CATCT	1814745	1.9224603	54.916504	4
CACTG	1926415	1.9102632	43.889202	7
TGGGC	2149210	1.900157	62.56354	4
TCCCT	1071970	1.8830626	64.84432	6
GCTGC	1551020	1.8700986	14.784465	1
TGCTT	1843550	1.8602123	28.816416	2
GGGAA	4441660	1.8231122	28.331657	6
CATCC	1343645	1.8170394	63.003742	4
TTCAA	2787940	1.7810863	5.7007732	5
ACTGG	2449485	1.7810726	56.85996	2
TCTGC	1371240	1.766278	25.418144	1
GGCTT	1865280	1.7617857	38.010536	2
CTTGC	1366370	1.760005	24.390942	1
CATGG	2400135	1.7451892	30.849272	5
TTGCT	1723570	1.7391479	5.8604393	1
TTCAC	1626125	1.7226447	37.810326	5
TTCTG	1677700	1.6928633	16.755587	1
CCCAG	1333160	1.6875771	31.218897	7
TTGCA	2152280	1.6718761	12.662617	2
CATCA	2046010	1.6685811	37.502174	4
AGCTT	2145605	1.6666912	31.556295	2
TTCCA	1571400	1.6646714	16.057417	5
ATGGG	3121130	1.6641109	58.384163	3
TGCAT	2141315	1.6633586	32.93968	3
CTGCA	1673635	1.6596025	8.826038	2
TCACT	1559045	1.6515831	46.876095	6
TCCTG	1270980	1.6371343	36.289753	1
TCCCA	1204660	1.6290872	33.419106	6
CTGCT	1234470	1.5901062	7.123533	1
GGGAG	3086150	1.5402418	16.404182	6
ATCTC	1442970	1.5286185	43.472424	5
CAAGG	2724115	1.5248603	14.097346	5
CAGCT	1524685	1.5119015	7.9405074	1
AGCTG	2061640	1.4990624	18.655535	1
GGCTG	1679190	1.4846033	26.943495	1
TGCAG	2031865	1.4774122	14.070703	1
TCTCA	1391785	1.4743953	33.62773	6
GCAGG	2154495	1.4664048	37.622147	2
GGAAG	3529385	1.4486622	10.426255	7
CAGCA	1890175	1.442923	6.010618	1
CGCTG	1194770	1.4405603	46.738182	1
CCTGC	868360	1.4278527	15.329904	1
TGCAA	2378200	1.4221698	14.981526	3
GGCAT	1937270	1.4086303	30.043625	2
GGAAA	4169925	1.4076433	7.6747155	7
TGGCT	1490180	1.4074981	8.445385	1
CCATG	1413705	1.4018519	23.147114	7
GGCAG	2044895	1.3918082	9.8435135	6
GGGCT	1571590	1.3894722	12.170654	5
GCAAG	2475665	1.385787	14.005104	4
TCCAT	1289145	1.365663	24.730417	6
GGCAA	2436205	1.3636986	12.616908	6
CTCAG	1374540	1.3630154	31.50676	7
ATTGC	1739470	1.3512082	23.322485	1
CATGC	1349765	1.338448	28.188368	1
CGCTT	1037080	1.3358505	39.04483	2
GCATG	1821405	1.3243823	30.650274	4
ACTGC	1330530	1.3193743	25.080126	1
GGGAC	1922240	1.308326	19.913137	6
GGGAT	2450690	1.3066485	20.511623	6
CGTGC	1082745	1.3054892	27.340405	1
TTCAG	1678870	1.3041345	9.006932	1
AGCAG	2325385	1.3016659	8.116825	1
CACAG	1704690	1.3013272	21.964825	7
TGTGC	1367080	1.2912283	23.814596	1
TCCAA	1553620	1.2670227	5.3061833	6
TCACA	1552900	1.2664355	23.497738	6
TCCAG	1274310	1.2636257	12.985025	1
GGGCC	1115255	1.2587018	8.770252	7
AAGCT	2050440	1.2261685	8.713685	1
AACTG	2038580	1.2190762	9.214662	1
GATGC	1675475	1.2182736	19.568193	1
TCAGG	1672560	1.216154	31.777922	2
GTTGC	1285615	1.2142833	14.403734	1
GGGTG	1867980	1.211006	11.061505	6
AAGCA	2611310	1.2021517	6.5318017	1
GAGCT	1649775	1.1995866	6.22804	1
ATGCA	2000145	1.196092	15.219591	2
ATCCC	880780	1.1910974	42.05276	5
GTCTG	1226540	1.158486	17.60777	1
AATGC	1929340	1.1537504	27.636438	1
ATCAC	1413575	1.1528119	30.629234	5
GGGTT	1659740	1.1495097	12.467424	6
TGGCA	1572370	1.1433036	6.907417	1
ACCTG	1148240	1.1386126	23.258883	1
GGTGC	1285150	1.1362253	20.387749	1
GTGCT	1197150	1.1307267	6.8917317	1
TCATG	1454515	1.1298572	10.309203	1
ATGCT	1441555	1.11979	7.9640603	1
GTGCA	1537895	1.1182362	13.079195	2
CAATG	1865120	1.1153467	7.965013	7
ATCTG	1435360	1.1149777	12.747096	1
ATCCA	1362825	1.1114237	12.494456	5
TCGCT	847340	1.0914487	9.973821	1
CGCAG	1153795	1.0709608	11.368088	1
AGGGC	1568495	1.0675582	18.074724	4
GATGG	2000175	1.0664449	15.601691	2
GGCAC	1141375	1.0594324	12.370778	6
AGCAT	1763270	1.0544403	24.370323	2
GGATG	1966345	1.0484074	7.931851	7
ACAGG	1870075	1.0467998	22.97954	2
TGGGA	1954840	1.0422732	20.257147	4
GGATT	1801820	1.0263139	5.1378098	7
GGGTC	1149795	1.0165554	12.617155	6
TCAAT	1589335	1.015353	8.53887	6
AAGGG	2473040	1.0150776	10.28512	6
AGTGC	1384660	1.0068159	24.636528	1
ACCAG	1316080	1.0046699	9.85442	1
TGGGT	1448575	1.0032601	19.840256	4
CCGCA	792495	1.0031778	6.9894753	1
AGGCT	1363905	0.99172443	9.534933	1
AGGCA	1766100	0.98859847	7.040378	1
GGATC	1344300	0.97746915	6.0939	7
GGAAC	1738930	0.9733896	5.581997	7
TCTCG	749690	0.96566683	7.8135405	5
ATCAG	1614210	0.9653018	6.861581	1
GGACA	1720740	0.9632074	6.028567	7
AGGGA	2331730	0.95707595	6.2051826	4
ACATG	1584100	0.94729596	6.8958306	1
GACTG	1296310	0.9425747	12.076688	1
CGATG	1287920	0.936474	6.9423566	1
TTCTA	1127290	0.9354906	9.305583	5
TACTG	1203410	0.93480057	18.76152	1
AATGG	2095215	0.9187454	6.5280476	2
CGCAT	924760	0.9170065	30.185102	2
CCGCT	544175	0.8947922	7.889217	1
CGGCT	735045	0.88625973	12.6882	1
GGGCG	1066200	0.88237023	9.645718	5
TCGCA	876405	0.8690569	8.154205	1
GGACG	1254015	0.85351485	5.1368084	7
CTCGG	696950	0.84032786	13.846769	6
CGGCA	900645	0.83598495	10.776997	1
TATGC	1073275	0.8337126	24.421911	1
GCGCT	686550	0.8277883	9.02588	1
TATGG	1404040	0.7997391	14.963457	2
GTCAG	1061250	0.77165747	6.5442586	1
GCGCA	818855	0.7600669	6.322211	1
GGGTA	1423840	0.7591569	12.80189	6
CTATG	974515	0.7569965	13.362074	7
TAGCA	1262580	0.75502616	6.461612	1
CACGG	806860	0.7489332	17.138395	6
TCTAT	892635	0.74076027	14.276084	6
TCACG	743160	0.73692906	8.122457	5
TACAG	1228910	0.7348914	7.993858	1
ACTCG	710845	0.704885	5.3688045	5
ACGCA	894090	0.682531	7.7135406	1
AGGGT	1225065	0.653175	5.27095	4
ACGCT	651575	0.64611197	10.438461	1
TAGCT	816985	0.6346283	7.627747	1
CGGGC	553630	0.6248392	8.541993	8
CGGGG	749680	0.62042326	20.889442	8
ACACG	793130	0.60546005	7.8234105	5
ATCTA	922575	0.5893907	6.9152865	5
TCGGG	662930	0.58610886	11.415726	7
ACGGG	806360	0.5488294	16.809662	7
TAGGG	563450	0.3004179	5.4846783	7
>>END_MODULE
