##FastQC	0.10.1
>>Basic Statistics	pass
#Measure	Value	
Filename	Acer-029_S28_L001_R1_001.fastq.gz	
File type	Conventional base calls	
Encoding	Sanger / Illumina 1.9	
Total Sequences	11690763	
Filtered Sequences	0	
Sequence length	101	
%GC	45	
>>END_MODULE
>>Per base sequence quality	pass
#Base	Mean	Median	Lower Quartile	Upper Quartile	10th Percentile	90th Percentile
1	36.27423103179835	37.0	37.0	37.0	37.0	37.0
2	36.3530258889005	37.0	37.0	37.0	37.0	37.0
3	36.31993061530714	37.0	37.0	37.0	37.0	37.0
4	36.3336921636338	37.0	37.0	37.0	37.0	37.0
5	36.48353276856267	37.0	37.0	37.0	37.0	37.0
6	36.52272576221073	37.0	37.0	37.0	37.0	37.0
7	36.54915440506321	37.0	37.0	37.0	37.0	37.0
8	36.5407759100069	37.0	37.0	37.0	37.0	37.0
9	36.54888718554982	37.0	37.0	37.0	37.0	37.0
10-14	36.426523196133566	37.0	37.0	37.0	37.0	37.0
15-19	36.33840335314299	37.0	37.0	37.0	37.0	37.0
20-24	36.323411346205546	37.0	37.0	37.0	37.0	37.0
25-29	36.24353645694468	37.0	37.0	37.0	37.0	37.0
30-34	36.217100355212054	37.0	37.0	37.0	37.0	37.0
35-39	36.19156980600839	37.0	37.0	37.0	37.0	37.0
40-44	36.16322873023771	37.0	37.0	37.0	37.0	37.0
45-49	36.14147139925769	37.0	37.0	37.0	37.0	37.0
50-54	36.12457862673292	37.0	37.0	37.0	37.0	37.0
55-59	36.085264922400704	37.0	37.0	37.0	37.0	37.0
60-64	36.05001233880115	37.0	37.0	37.0	37.0	37.0
65-69	36.01165903371747	37.0	37.0	37.0	37.0	37.0
70-74	35.957504125265395	37.0	37.0	37.0	37.0	37.0
75-79	35.932640837899115	37.0	37.0	37.0	37.0	37.0
80-84	35.887008538279325	37.0	37.0	37.0	37.0	37.0
85-89	35.860586875296335	37.0	37.0	37.0	37.0	37.0
90-94	35.79854298645863	37.0	37.0	37.0	37.0	37.0
95-99	35.74618031346628	37.0	37.0	37.0	37.0	37.0
100-101	35.653617988834434	37.0	37.0	37.0	37.0	37.0
>>END_MODULE
>>Per sequence quality scores	pass
#Quality	Count
15	7.0
16	38.0
17	76.0
18	163.0
19	253.0
20	493.0
21	1220.0
22	2384.0
23	5194.0
24	10098.0
25	18983.0
26	29887.0
27	45632.0
28	63031.0
29	88767.0
30	116346.0
31	155052.0
32	195872.0
33	266539.0
34	384416.0
35	820505.0
36	7240918.0
37	2244889.0
>>END_MODULE
>>Per base sequence content	fail
#Base	G	A	T	C
1	21.045325541956664	29.325123681315944	25.900391594034684	23.72915918269271
2	29.901412432956242	26.216098168934003	21.214366130362258	22.668123267747493
3	20.03450373971575	11.639605975093769	27.37722392196557	40.94866636322491
4	27.296644390369412	16.793316631812907	35.646919890183284	20.263119087634397
5	47.33661096371554	12.804981163333823	12.38541060151506	27.472997271435577
6	47.33661096371554	6.2202355825706155	20.156101017529824	26.287052436184023
7	47.58230100667674	13.330648588319102	18.964849456972114	20.122200948032052
8	61.63387481790108	11.0201038238657	11.207593757155758	16.138427601077467
9	50.352695366904285	22.704439195376914	7.730052208015676	19.212813229703123
10-14	44.57852998327837	24.50207042681066	17.071719800960924	13.84767978895004
15-19	26.08940038526747	34.41992450159073	22.432916111644936	17.057759001496866
20-24	24.963720495653636	33.2000451707137	25.094658084094203	16.741576249538458
25-29	23.244924245893717	32.42264868481598	26.35444897246669	17.977978096823612
30-34	23.146747764010453	31.53082880971208	25.872102044533214	19.45032138174425
35-39	23.471125938138076	30.892087758140658	25.95359322434278	19.683193079378487
40-44	23.143101967699018	30.9473408003346	26.092845637243116	19.81671159472327
45-49	23.321041126614066	30.928775713489593	26.04170785002145	19.708475309874895
50-54	23.68028588013475	30.874310358484426	25.76955601705112	19.675847744329708
55-59	23.358418666614018	31.063077481023214	25.933732578585733	19.644771273777035
60-64	23.211632329483674	31.317442335498697	25.94787253625266	19.52305279876497
65-69	23.287578589524774	31.11264695440672	25.93879761604896	19.660976840019547
70-74	23.082869700850107	31.139172216682283	26.241724596487458	19.53623348598015
75-79	22.954162541938608	31.624686798111174	26.21168459682289	19.20946606312732
80-84	23.20805313327096	31.622201613343332	26.008924659607068	19.160820593778638
85-89	23.112865113776913	31.48765645087736	25.994412572227425	19.405065863118303
90-94	23.015873300998404	31.707480512606406	26.10996048760889	19.1666856987863
95-99	23.422755212812028	31.40161510416386	26.20324439046451	18.972385292559604
100-101	23.031888508902284	31.515894214945593	26.226282236668386	19.225935039483737
>>END_MODULE
>>Per base GC content	fail
#Base	%GC
1	44.77448472464937
2	52.56953570070374
3	60.98317010294066
4	47.55976347800381
5	74.80960823515112
6	73.62366339989957
7	67.70450195470879
8	77.77230241897854
9	69.5655085966074
10-14	58.42620977222842
15-19	43.147159386764336
20-24	41.70529674519209
25-29	41.222902342717326
30-34	42.5970691457547
35-39	43.15431901751656
40-44	42.95981356242228
45-49	43.029516436488954
50-54	43.35613362446446
55-59	43.00318994039105
60-64	42.73468512824864
65-69	42.94855542954432
70-74	42.61910318683026
75-79	42.16362860506593
80-84	42.368873727049596
85-89	42.517930976895215
90-94	42.1825589997847
95-99	42.39514050537163
100-101	42.25782354838602
>>END_MODULE
>>Per sequence GC content	warn
#GC Content	Count
0	121.0
1	122.0
2	150.0
3	247.0
4	896.0
5	3624.0
6	9255.5
7	16321.0
8	21879.5
9	24076.0
10	23049.5
11	19903.0
12	16087.0
13	12838.0
14	10745.5
15	9614.0
16	8870.5
17	8303.0
18	8252.0
19	8552.5
20	9026.5
21	9760.0
22	10954.5
23	12970.5
24	15962.5
25	20492.0
26	26877.0
27	36082.0
28	49320.0
29	65995.0
30	87720.5
31	116166.0
32	148624.0
33	182214.0
34	217837.5
35	256378.5
36	294916.5
37	333157.0
38	372181.0
39	413161.5
40	455182.0
41	489053.5
42	507229.0
43	513930.0
44	518255.5
45	518132.0
46	508278.5
47	486968.5
48	453027.5
49	413427.0
50	383208.0
51	366076.0
52	351225.5
53	325252.5
54	291308.5
55	265358.0
56	248016.5
57	234464.0
58	224992.0
59	210631.5
60	186939.5
61	160168.0
62	135844.5
63	114870.0
64	95322.5
65	77059.5
66	60818.5
67	47089.5
68	37686.5
69	32747.5
70	28393.5
71	24281.5
72	19215.0
73	12494.5
74	6076.0
75	2438.5
76	1110.5
77	563.0
78	267.0
79	129.0
80	83.5
81	65.0
82	49.0
83	39.0
84	44.0
85	42.5
86	37.5
87	31.5
88	23.0
89	18.0
90	17.0
91	24.0
92	22.5
93	14.5
94	15.5
95	17.0
96	16.0
97	11.0
98	9.0
99	8.0
100	2.0
>>END_MODULE
>>Per base N content	pass
#Base	N-Count
1	0.040040158200110636
2	0.04371827570193665
3	0.0037294400716189357
4	9.409137795368874E-5
5	0.0
6	0.0
7	1.625214710109169E-4
8	1.7107523264307044E-5
9	0.0018903813207059284
10-14	2.8569563851392764E-4
15-19	6.808794259194203E-4
20-24	2.052902791716845E-5
25-29	4.8585366070632E-4
30-34	4.7387839442130514E-4
35-39	0.0013668911088181327
40-44	6.210030944943457E-4
45-49	0.0013514943378802565
50-54	0.002300961879049297
55-59	0.005462432178293239
60-64	2.9938165712537325E-4
65-69	0.005334125753810936
70-74	0.016312023432516767
75-79	0.005982500885528173
80-84	7.698385468938169E-5
85-89	1.4370319542017916E-4
90-94	0.0
95-99	0.0
100-101	0.0
>>END_MODULE
>>Sequence Length Distribution	pass
#Length	Count
101	1.1690763E7
>>END_MODULE
>>Sequence Duplication Levels	fail
#Total Duplicate Percentage	74.65445513541653
#Duplication Level	Relative count
1	100.0
2	56.46725035247428
3	46.500496074916015
4	37.8043898278533
5	28.171833388452768
6	20.171972637552003
7	14.093749456058205
8	9.700440375276322
9	6.445492680719221
10++	28.767123287671232
>>END_MODULE
>>Overrepresented sequences	pass
>>END_MODULE
>>Kmer Content	fail
#Sequence	Count	Obs/Exp Overall	Obs/Exp Max	Max Obs/Exp Position
AAAAA	22660525	8.300315	11.697956	95-97
CTGGG	6265825	6.6148143	302.4063	3
CCTGG	3338330	4.742669	218.22401	5
TGGGG	5876310	4.6098843	208.81252	4
GGGGG	6062650	4.556767	132.27608	5
TTTTT	3890685	3.6222217	4.5620713	95-97
TGCCT	2417650	3.5849073	227.38814	3
GCCTG	2488065	3.534722	217.82158	4
CAGGG	4001785	3.505648	123.280876	3
GGGGA	5272915	3.4325047	80.31119	5
GCTTC	2217135	3.287582	159.4999	3
TGCCA	2169095	2.6689363	116.79718	3
CCAGG	2262510	2.6672223	112.31292	5
GCATC	2159950	2.6576838	138.07806	3
CTTCT	1505915	2.3306437	58.369934	4
CTGCC	1212140	2.3173974	86.528076	2
GGGCA	2584580	2.2641463	44.79774	5
CTCTG	1504695	2.2311714	54.603992	7
CTTCC	1115825	2.2265618	71.9658	4
AGGGG	3416225	2.2238572	76.97875	4
GCCAG	1875385	2.2108495	111.92601	4
GGGGC	2174615	2.199535	28.924494	5
CTTCA	1705900	2.1908069	44.029156	4
GCTGG	2069860	2.1851456	107.44211	2
TTGCC	1447020	2.1456506	76.34237	2
ATGCC	1694125	2.0845153	104.64959	2
TCTCT	1344910	2.0814629	57.164074	6
TCTGG	1847035	2.0351923	60.09691	2
TTCTC	1311685	2.0300417	45.376442	5
CCCTG	1048355	2.0042694	56.14411	7
GTGCC	1390055	1.9748111	96.12836	2
GGGGT	2459775	1.929659	45.80919	5
TGCTG	1716315	1.8911557	30.925173	1
CACTG	1525810	1.8774142	42.31199	7
CATCT	1442505	1.8525411	52.53429	4
GGGAA	3238465	1.825852	26.693394	6
TGGGC	1728140	1.8243928	58.209747	4
TTCAA	2205755	1.8231388	5.485584	5
GCTGC	1281395	1.8204409	13.560062	1
TTTGC	1563555	1.7981853	15.522298	1
CATCC	1082920	1.7931232	60.41688	4
TTCCC	893640	1.7832049	48.347797	5
TGCTT	1506690	1.732787	25.373276	2
CATCA	1624460	1.7311499	37.782608	4
TCCCT	866875	1.729797	58.63741	6
ACTGG	1886450	1.7248477	55.52851	2
CCCAG	1085395	1.721911	30.516884	7
CATGG	1866560	1.7066616	29.819065	5
GGCTT	1543705	1.700962	34.294193	2
AGCTT	1756195	1.6759813	29.899792	2
TGCAT	1737700	1.6583309	31.145615	3
TTCAC	1285395	1.6507723	35.362774	5
TTGCA	1722675	1.6439921	11.853324	2
CAAGG	2157965	1.6372877	14.400706	5
CTGCA	1329720	1.6361376	8.264387	2
ATGGG	2395670	1.6277149	56.689144	3
CTTGC	1086305	1.61078	22.695105	1
TCACT	1247120	1.6016173	44.141396	6
TCCCA	966700	1.6006836	31.917439	6
TTCCA	1243170	1.5965445	14.930988	5
TTCTG	1386295	1.5943253	14.591719	1
TTGCT	1376035	1.5825256	5.2016387	1
TCTGC	1058025	1.5688462	23.012514	1
GGGAG	2374080	1.5454526	16.17103	6
CAGCA	1499665	1.5311896	6.3416924	1
CAGCT	1236050	1.5208825	7.5265384	1
TCCTG	1019370	1.5115284	32.071266	1
GCAGG	1717210	1.5043122	37.317284	2
AGCTG	1639485	1.4990389	18.366383	1
TGCAG	1624080	1.4849535	13.464006	1
CCAAG	1446190	1.4765906	5.0854106	7
GCAAG	1939010	1.4711626	14.318009	4
GGAAA	3010445	1.4700198	7.120147	7
CTGCT	990490	1.468705	6.5835385	1
ATCTC	1124380	1.4439882	41.51753	5
GGCAA	1900910	1.4422553	12.924618	6
TGCAA	1816900	1.438807	14.959405	3
GGCAG	1640655	1.4372482	10.012009	6
GGCAT	1571900	1.4372435	29.606009	2
GGCTG	1351345	1.4266111	25.218275	1
GGAAG	2522065	1.4219446	9.713625	7
TCTCA	1104920	1.4189966	31.534016	6
CCTGC	738135	1.4111837	14.3337555	1
GGGCT	1334640	1.4089757	12.694216	8
CCATG	1136455	1.3983371	21.946667	7
AGCAG	1808570	1.3721954	8.586791	1
GCATG	1488235	1.3607458	29.647774	4
CACAG	1323540	1.3513623	22.768972	7
CGCTG	949775	1.3493179	42.740677	1
TGGCT	1210555	1.3338742	7.6953254	1
TCCAT	1037290	1.3321427	22.914637	6
CTCAG	1076280	1.3242955	30.201881	7
TCCAA	1235095	1.3162127	5.3750176	6
CATGC	1067650	1.3136768	27.78166	1
ACTGC	1066345	1.3120711	24.19876	1
ATTGC	1372235	1.3095585	22.546122	1
TCACA	1215725	1.2955704	23.793238	6
AAGCA	1970530	1.2948806	7.1834087	1
GGGAT	1894125	1.2869447	19.650816	6
GGGAC	1466445	1.2846366	19.727047	6
GGAGC	1461320	1.2801471	5.382835	8
AAGCT	1601970	1.2686036	8.858564	1
TTCAG	1319330	1.2590698	8.555778	1
GGAGG	1929320	1.2559277	5.009604	7
GAGCT	1362565	1.2458414	6.0847	1
GGGCC	912840	1.2425026	8.832417	7
CGTGC	869050	1.2346343	25.380983	1
ATGCA	1556270	1.2324135	15.646266	2
CGCTT	827110	1.2264441	34.87931	2
TGTGC	1108200	1.2210922	21.26644	1
AACTG	1533705	1.2145444	9.405545	1
AATGC	1533215	1.2141564	29.232954	1
TCCAG	986310	1.213593	12.397707	1
TCAGG	1317100	1.204271	31.064238	2
GATGC	1310265	1.1980215	19.557583	1
CAATG	1492880	1.182215	7.845073	7
ATCAC	1109305	1.182161	31.2047	5
GGGTG	1492600	1.1709238	11.006252	6
AGCAT	1464895	1.1600536	25.193638	2
GTTGC	1050920	1.1579771	13.008993	1
ATCCC	698665	1.1568651	40.712597	5
TGGCA	1245325	1.1386446	6.948363	1
ATCCA	1066290	1.136321	12.547414	5
GTGCA	1241300	1.1349643	12.459501	2
TCATG	1171765	1.1182449	9.648064	1
GGTGC	1057635	1.1165423	18.94458	1
ACAGG	1468315	1.1140376	24.136452	2
ACCTG	898900	1.1060405	22.44225	1
CGCAG	921745	1.0866246	11.239021	1
AGGGC	1238290	1.084768	18.078493	4
GTGCT	976615	1.0761027	6.150163	1
ATGCT	1126550	1.075095	7.4329185	1
GGCAC	911695	1.0747766	12.120063	6
TCAAT	1293410	1.0690516	8.223464	6
GGGTT	1296510	1.0615782	11.897432	6
GATGG	1555035	1.0565535	15.255221	2
AGGCA	1392135	1.0562384	7.395777	1
GTCTG	955255	1.0525666	15.6564665	1
ACCAG	1024610	1.0461485	10.150375	1
AAGGG	1853865	1.0452124	10.647392	6
GGATG	1519045	1.0321004	7.5333195	7
CCGCA	644860	1.0230298	7.0690613	1
GGAAC	1348350	1.0230179	5.764472	7
ATCAG	1284020	1.0168182	7.042723	1
AGTGC	1109145	1.0141304	24.2993	1
TGGGA	1486985	1.0103176	18.274864	4
ATCTG	1056425	1.008173	12.18515	1
GGACA	1323665	1.0042889	5.886635	7
TCGCT	671290	0.9953932	9.085384	1
AGGCT	1071505	0.9797149	9.115511	1
GGGTC	921455	0.9727774	11.839734	6
AGGGA	1716660	0.96785605	6.01064	4
ACATG	1209355	0.9576909	6.9854503	1
GACTG	1045755	0.9561707	11.812572	1
TGGGT	1163245	0.9524615	18.24685	4
GGATC	1028040	0.93997324	5.9663677	7
AATGG	1585000	0.93271005	6.674626	2
CGCAT	756880	0.9312937	29.47669	2
TACTG	967640	0.9234432	17.866613	1
TTCTA	898365	0.8948292	8.356975	5
CGGCA	758280	0.89391935	10.891683	1
CGATG	969355	0.88631546	6.852499	1
TCGCA	712125	0.8762255	7.8293447	1
GGGCG	861155	0.8710233	9.214574	5
TCTCG	581680	0.86251885	6.782001	5
GGACG	958495	0.8396617	5.072281	7
CGGCT	587980	0.83532625	11.585081	1
CCGCT	431750	0.8254296	7.27174	1
TAGCA	1035745	0.8202087	6.767503	1
TATGC	848450	0.8096973	23.188616	1
GCGCT	562975	0.79980236	8.122659	1
CTCGG	554025	0.7870873	12.373614	6
GCGCA	661775	0.7801517	6.2744193	1
GTCAG	851025	0.7781221	6.400252	1
TACAG	969460	0.7677175	8.109395	1
TATGG	1057195	0.749717	13.9573765	2
GGGTA	1100735	0.7478836	12.745878	6
CACGG	615280	0.7253398	16.531517	6
CTATG	755780	0.7212599	12.653647	7
TCTAT	722535	0.7196913	13.209007	6
ACGCA	683940	0.69831717	8.159056	1
TCACG	557985	0.6865658	7.741928	5
ACTCG	549905	0.6766239	5.0829153	5
CGGGG	635920	0.6432073	19.535975	8
AGGGT	934415	0.6348793	5.187027	4
ACGCT	509930	0.6274371	9.93644	1
TAGCT	653980	0.62410957	7.2763486	1
CGGGC	451140	0.6140645	7.7564044	8
ATCTA	740285	0.6118732	7.0925775	5
ACACG	582885	0.59513795	7.873627	5
ACGGG	625130	0.54762703	16.295538	7
TCGGG	509790	0.5381839	10.320153	7
TAGGG	436490	0.29656893	5.26759	7
>>END_MODULE
