##FastQC	0.10.1
>>Basic Statistics	pass
#Measure	Value	
Filename	Acer-114_S61_L001_R1_001.fastq.gz	
File type	Conventional base calls	
Encoding	Sanger / Illumina 1.9	
Total Sequences	7959769	
Filtered Sequences	0	
Sequence length	101	
%GC	39	
>>END_MODULE
>>Per base sequence quality	pass
#Base	Mean	Median	Lower Quartile	Upper Quartile	10th Percentile	90th Percentile
1	36.12081405879995	37.0	37.0	37.0	37.0	37.0
2	36.24473737868524	37.0	37.0	37.0	37.0	37.0
3	36.21178102027835	37.0	37.0	37.0	37.0	37.0
4	36.244509859519795	37.0	37.0	37.0	37.0	37.0
5	36.39821067671687	37.0	37.0	37.0	37.0	37.0
6	36.450530536753014	37.0	37.0	37.0	37.0	37.0
7	36.47384000716604	37.0	37.0	37.0	37.0	37.0
8	36.46348995806285	37.0	37.0	37.0	37.0	37.0
9	36.481769759901326	37.0	37.0	37.0	37.0	37.0
10-14	36.36969085409388	37.0	37.0	37.0	37.0	37.0
15-19	36.30742193649087	37.0	37.0	37.0	37.0	37.0
20-24	36.30128020046813	37.0	37.0	37.0	37.0	37.0
25-29	36.2043578400328	37.0	37.0	37.0	37.0	37.0
30-34	36.149984754582704	37.0	37.0	37.0	37.0	37.0
35-39	36.10134080524196	37.0	37.0	37.0	37.0	37.0
40-44	36.02132210118158	37.0	37.0	37.0	37.0	37.0
45-49	35.920062428947375	37.0	37.0	37.0	37.0	37.0
50-54	35.87018052910832	37.0	37.0	37.0	37.0	37.0
55-59	35.77904185410405	37.0	37.0	37.0	37.0	37.0
60-64	35.65447137975989	37.0	37.0	37.0	37.0	37.0
65-69	35.56859823444625	37.0	37.0	37.0	37.0	37.0
70-74	35.45081534401312	37.0	37.0	37.0	37.0	37.0
75-79	35.35480635179238	37.0	37.0	37.0	37.0	37.0
80-84	35.19238658810325	37.0	37.0	37.0	27.4	37.0
85-89	35.12739105871037	37.0	37.0	37.0	27.4	37.0
90-94	35.019109599788635	37.0	37.0	37.0	25.0	37.0
95-99	34.85780848665332	37.0	37.0	37.0	25.0	37.0
100-101	34.718058652204604	37.0	37.0	37.0	25.0	37.0
>>END_MODULE
>>Per sequence quality scores	pass
#Quality	Count
15	4.0
16	20.0
17	67.0
18	126.0
19	257.0
20	508.0
21	1185.0
22	2745.0
23	6681.0
24	13660.0
25	23937.0
26	34485.0
27	48932.0
28	63855.0
29	87836.0
30	115298.0
31	156680.0
32	202981.0
33	280848.0
34	394030.0
35	724052.0
36	4536603.0
37	1264979.0
>>END_MODULE
>>Per base sequence content	fail
#Base	G	A	T	C
1	20.909953316649457	29.742927366819732	25.71044307456567	23.636676241965144
2	29.603460335036143	26.6910074901448	21.31632743476837	22.38920474005069
3	19.8488417322154	12.938672313942432	26.651064291701758	40.561421662140404
4	26.541968602068405	17.709189724313294	35.66450495994854	20.08433671366976
5	47.56111640928273	13.154100326278312	12.540363922621372	26.744419341817583
6	47.552937779978286	6.785950697815476	20.020493057022133	25.6406184651841
7	47.799361764596135	13.865733874606004	18.38914972174409	19.94575463905377
8	59.43741820583441	12.536397108106307	11.613618840853004	16.412565845206274
9	47.95642613718169	24.640165615655192	8.008383300036158	19.395024947126966
10-14	41.733051344343586	28.134175782601233	17.27315481049301	12.859618062562166
15-19	22.334467176359997	40.78090540534972	21.671684602151053	15.212942816139233
20-24	20.969803188726264	41.11882110728962	23.305376403200516	14.605999300783607
25-29	19.60260939333761	40.74780779139487	24.21135818689044	15.438224628377084
30-34	19.536811936592695	40.18455479971277	23.721489453900173	16.55714380979436
35-39	19.550385374452507	39.91057156831177	23.832944644250553	16.706098412985178
40-44	19.47512259793934	39.858541216122006	23.87017791007616	16.796158275862496
45-49	19.639583446351192	39.80895859251014	23.804107327946785	16.74735063319189
50-54	19.89304167596049	39.767313531952205	23.568863416542936	16.77078137554437
55-59	19.539061561440263	39.915135134007784	23.591472364240627	16.95433094031133
60-64	19.500796232077743	40.29840121905495	23.574731012557244	16.626071536310057
65-69	19.72860452602697	40.15919588223744	23.46001902969081	16.652180562044776
70-74	19.501843802270372	40.29988918263213	23.527104945080225	16.671162070017267
75-79	19.339903053829985	40.503272170695936	23.649863035756045	16.506961739718033
80-84	19.376740802283603	40.47554526680804	23.766029338709775	16.381684592198578
85-89	19.485288242503916	40.46689370880213	23.582396244306985	16.465421804386967
90-94	19.423794836257184	40.61505553741572	23.587141787657405	16.37400783866969
95-99	19.83806313977202	40.279199057158564	23.549613060379013	16.333124742690398
100-101	19.66562723114201	40.371140167509886	23.554684815602062	16.408547785746045
>>END_MODULE
>>Per base GC content	fail
#Base	%GC
1	44.546629558614605
2	51.99266507508683
3	60.41026339435581
4	46.626305315738165
5	74.30553575110032
6	73.1935562451624
7	67.7451164036499
8	75.84998405104069
9	67.35145108430865
10-14	54.592669406905756
15-19	37.54740999249923
20-24	35.575802489509876
25-29	35.04083402171469
30-34	36.09395574638706
35-39	36.25648378743768
40-44	36.27128087380183
45-49	36.38693407954308
50-54	36.66382305150486
55-59	36.49339250175159
60-64	36.1268677683878
65-69	36.38078508807175
70-74	36.17300587228764
75-79	35.846864793548015
80-84	35.75842539448219
85-89	35.95071004689088
90-94	35.79780267492687
95-99	36.17118788246242
100-101	36.074175016888056
>>END_MODULE
>>Per sequence GC content	fail
#GC Content	Count
0	1630.0
1	1409.5
2	1041.5
3	1732.5
4	10769.0
5	43084.0
6	98420.5
7	149091.0
8	171451.0
9	164841.0
10	136237.0
11	97334.0
12	63138.5
13	40691.0
14	28606.0
15	22494.5
16	18848.0
17	16520.5
18	15156.5
19	14162.5
20	13750.5
21	13863.0
22	14556.0
23	16183.5
24	18699.0
25	22368.0
26	27699.0
27	35525.0
28	46274.5
29	59993.0
30	77826.5
31	99339.0
32	121533.5
33	144003.5
34	167409.0
35	191155.5
36	212581.0
37	232176.5
38	252682.0
39	271325.5
40	286612.5
41	298632.5
42	305719.5
43	307245.5
44	305932.0
45	303806.0
46	297870.0
47	285929.0
48	265967.5
49	236925.5
50	207859.0
51	186768.5
52	170164.5
53	152355.5
54	133721.0
55	120305.0
56	113262.0
57	108597.5
58	105140.5
59	99337.0
60	89505.5
61	78602.5
62	68078.5
63	58341.0
64	49343.0
65	40659.0
66	33209.0
67	25320.0
68	18723.5
69	16234.0
70	15172.0
71	14099.0
72	11364.0
73	7016.5
74	3423.0
75	1692.0
76	958.5
77	471.5
78	152.0
79	73.0
80	57.0
81	43.0
82	39.5
83	40.5
84	33.0
85	29.0
86	20.0
87	9.5
88	13.0
89	11.5
90	6.5
91	8.5
92	10.5
93	11.0
94	10.0
95	10.5
96	11.5
97	10.5
98	10.0
99	6.5
100	2.0
>>END_MODULE
>>Per base N content	pass
#Base	N-Count
1	0.04001372401636279
2	0.04163437406286539
3	0.003731264060552511
4	1.1306860789553063E-4
5	0.0
6	0.0
7	1.256317865505896E-4
8	2.5126357310117918E-5
9	0.0016960291184329596
10-14	3.2161737356950937E-4
15-19	6.859495545662192E-4
20-24	1.758845011708254E-5
25-29	4.2463543854099283E-4
30-34	3.794079953827806E-4
35-39	0.0013568232947463676
40-44	6.432347471390187E-4
45-49	0.001412101280828627
50-54	0.0022965490581447778
55-59	0.005437343721909518
60-64	3.693574524587334E-4
65-69	0.00524387077062161
70-74	0.015945186349000832
75-79	0.00584690334606444
80-84	6.53285290063066E-5
85-89	1.6332132251576647E-4
90-94	0.0
95-99	0.0
100-101	0.0
>>END_MODULE
>>Sequence Length Distribution	pass
#Length	Count
101	7959769.0
>>END_MODULE
>>Sequence Duplication Levels	fail
#Total Duplicate Percentage	77.63974386990637
#Duplication Level	Relative count
1	100.0
2	39.39628625693791
3	29.815050432409507
4	28.50030425402445
5	26.243292581733694
6	25.04840404934447
7	21.720049418229426
8	18.28658885139496
9	15.317807158267412
10++	64.46497390791245
>>END_MODULE
>>Overrepresented sequences	pass
>>END_MODULE
>>Kmer Content	fail
#Sequence	Count	Obs/Exp Overall	Obs/Exp Max	Max Obs/Exp Position
AAAAA	95268040	16.257227	19.37311	85-89
CTGGG	4045295	11.815255	551.31604	3
CCTGG	2101795	8.224376	384.7741	5
TGGGG	3708285	8.084372	372.72427	4
GGGGG	3458095	7.6568866	226.98901	5
TTTTT	3101300	6.3540177	7.8302073	80-84
GCCTG	1526330	5.9725666	383.43704	4
TGCCT	1496920	5.767254	377.56403	3
GCTTC	1376630	5.3038063	279.3575	3
GGGGA	3516545	4.6634603	119.580765	5
CAGGG	2589355	4.600482	172.47699	3
TTTTC	1386435	3.8651469	4.9125915	90-94
GGGGC	1256545	3.7274609	59.026005	5
GCTGG	1262580	3.6876676	192.49799	2
CTGCC	701840	3.6793442	151.90314	2
CTTCT	943025	3.5772686	96.021164	4
CTTCC	687800	3.5501964	122.83578	4
TTCTT	1252925	3.4929433	4.2638264	45-49
CCAGG	1450040	3.4515288	153.24284	5
TTTTG	1640855	3.4144201	4.154652	95-97
CTTTT	1222325	3.4076355	4.2264204	55-59
TTGCC	878790	3.3857553	130.02568	2
TTTCT	1208280	3.3684804	4.1019483	50-54
CTCTG	873525	3.3654706	92.11161	7
GGGGT	1534040	3.3443358	83.29157	5
CCCTG	618275	3.2412608	97.54437	7
GTGCC	825950	3.231963	172.27165	2
TCTCT	849990	3.2243497	91.05326	6
TCTGG	1118665	3.216998	103.864586	2
TCTTT	1153340	3.215317	3.918088	80-84
TGGGC	1098515	3.2084768	111.60813	4
TTCTC	844405	3.2031634	73.15545	5
TGCCA	1364980	3.1990106	150.21228	3
TTTGT	1524130	3.1715295	3.9643455	20-24
GCATC	1342110	3.1454113	177.51935	3
AGGGG	2216955	2.940011	104.296486	4
TGCTG	1021200	2.9367135	52.499508	1
TTCCC	564050	2.9114397	81.080894	5
GGGCA	1631815	2.8992305	62.68049	5
TCCCT	557860	2.879489	96.16443	6
GCCAG	1164345	2.7714891	152.64565	4
TTTGC	967750	2.740134	25.545109	1
TGCTT	957875	2.7121735	42.60762	2
GGCTT	942470	2.7103055	60.90706	2
GCTGC	690885	2.7034502	23.989258	1
ATGCC	1093685	2.563195	131.41536	2
CTTCA	1072250	2.4742484	54.762783	4
TTGCT	866305	2.4528975	8.673079	1
CTTGC	621275	2.3936152	38.355156	1
GGCTG	813740	2.3767228	44.57701	1
GGGCT	811820	2.3711152	26.345102	5
TTCTG	834900	2.363976	23.758545	1
TCCTG	603715	2.325961	53.926476	1
CTTGG	802475	2.3077157	7.864593	6
TCTGC	596505	2.2981827	38.420605	1
CACTG	935305	2.1920106	53.03893	7
CCTGC	409705	2.1478481	25.813734	1
CATCC	680780	2.137548	76.70376	4
ACTGG	1220015	2.1341984	72.82749	2
ATGGG	1633245	2.13256	79.3698	3
CTGCT	543465	2.093833	11.320858	1
CGCTG	529420	2.0716333	75.54403	1
CATGG	1180905	2.0657825	39.532505	5
TGGCT	715045	2.0562887	13.15663	1
GGGCC	516215	2.0515656	15.26502	5
CCGTC	390045	2.044782	5.687679	50-54
GGCCC	375835	2.0011134	5.2910085	8
TGTGC	692595	1.9917284	36.745327	1
GGGAA	2471540	1.9630735	34.319874	6
CATCT	844625	1.9489971	63.141254	4
GGCTC	487975	1.9094583	8.342452	6
CCCAG	597845	1.9065132	41.94965	7
GGGTG	870895	1.8986241	19.044016	6
TGCAT	1095210	1.8863616	38.84965	3
CGCTT	483195	1.8616278	59.71823	2
TTCAC	801960	1.8505464	42.812992	5
CGTGC	468495	1.8332325	46.17994	1
GGTGC	624870	1.8250828	34.536022	1
TCACT	780815	1.8017536	52.22861	6
CTGCA	768615	1.8013506	11.29325	2
TTGCA	1045210	1.8002428	15.373311	2
AGCTT	1043315	1.7969791	36.329548	2
GTTGC	622470	1.7900666	23.02899	1
GGGTT	829560	1.7806512	21.479137	6
TTCCA	761575	1.7573568	18.411253	5
GGCAT	1003630	1.7556716	38.267765	2
GTGCT	588860	1.6934125	11.120186	1
GGTTT	798990	1.6886135	6.281033	7
GCAGG	946725	1.6820372	52.001556	2
CAGCT	714995	1.6756848	9.739374	1
GGGAC	940045	1.6701692	25.12338	6
TCCCA	531015	1.6673082	41.519676	6
CCATG	709390	1.662549	28.310768	7
GGGTC	566420	1.6543655	20.288517	6
TGGGT	768590	1.6497791	36.17913	4
AGCTG	937885	1.6406626	23.331202	1
CATGC	698370	1.636722	35.48695	1
GGGAG	1229265	1.6301877	19.196241	6
GGGAT	1237620	1.6159849	24.241976	6
GCATG	918990	1.607609	39.253548	4
GTCTG	556740	1.6010437	27.171667	1
TGCAG	913060	1.5972357	17.52366	1
TCTCA	689085	1.590084	37.76978	6
ATCTC	675380	1.5584593	48.888527	5
GGCAG	876375	1.557047	12.509558	6
CTCAG	662765	1.5532774	38.308426	7
ATTGC	863015	1.4864348	27.366522	1
GGTGG	675280	1.472167	5.128943	7
TCCAT	637710	1.4715346	27.930613	6
TCGCT	379055	1.460403	15.374974	1
ACTGC	619295	1.4513992	30.269182	1
GGTTG	675415	1.4497789	7.2475047	7
TTCAA	1399165	1.4433553	5.3485994	5
CATCA	1023515	1.436681	34.213573	4
TCAGG	820150	1.4347062	40.298748	2
TCCAG	606880	1.4223034	15.902415	1
GGGCG	475265	1.4098434	15.9142475	5
CAAGG	1310165	1.3941661	15.27403	5
TTCAG	801130	1.3798457	10.527451	1
GGCGG	460560	1.3662218	5.1187553	6
GATGC	771655	1.3498727	24.682896	1
TGGGA	1021795	1.334178	31.228247	4
AGGGC	748350	1.3295865	26.732979	4
ATCCC	422650	1.3270581	51.01492	5
GAGCT	754790	1.3203704	7.63301	1
ACCTG	561415	1.3157501	28.540167	1
GTGCA	746905	1.306577	16.751112	2
CGGCT	332410	1.3007286	21.953276	1
GGCAC	541610	1.2891936	17.053894	6
TGGCA	732490	1.2813605	8.640839	1
GGAGC	720725	1.2805054	5.3465753	8
GGTTC	444990	1.279679	6.2565284	7
GGAGG	949520	1.2592044	5.1355915	7
TCATG	725640	1.2498237	11.829065	1
TGCAA	1191975	1.2488595	14.946953	3
ATGCT	720630	1.2411946	9.210789	1
GGTCT	430695	1.23857	5.2160983	7
GGCAA	1160050	1.2344266	12.763542	6
CCAAG	865220	1.2334878	5.1253757	7
GCAAG	1157745	1.2319738	15.151972	4
GATGG	928580	1.2124652	21.337358	2
TCTCG	314635	1.212209	12.88502	5
CGCAG	505020	1.2020985	15.729525	1
CCGCT	229280	1.2019835	13.424668	1
CTCGG	305110	1.193903	24.556717	6
CCGCA	372465	1.1877819	9.447834	1
CAGCA	831460	1.1853583	6.050411	1
TTGGG	549875	1.1803071	8.5279455	7
CGGGG	397770	1.1799593	40.017662	8
AGTGC	660955	1.1562228	30.484491	1
GCGCT	294040	1.1505858	14.690595	1
GGATG	880605	1.1498234	8.391161	7
GGATT	891865	1.1465869	6.0597234	7
CACAG	790670	1.1272067	21.91335	7
GACTG	643525	1.1257322	15.5733795	1
GGAAG	1411205	1.1208798	8.15942	7
TTCTA	651105	1.1041712	10.248391	5
AGGCT	629170	1.1006206	12.190741	1
GGAAA	2310115	1.0989534	10.627259	7
TCACA	782185	1.0979325	21.631607	6
GGTCC	277465	1.0857275	5.757734	7
GGACG	599490	1.0651083	5.7834525	7
ATGCA	1012210	1.0605156	14.8196335	2
TCCAA	741390	1.0406697	5.1301546	6
CGGGC	261300	1.0384705	16.458256	8
ATCTG	602170	1.0371621	14.831893	1
CGCAT	441150	1.033893	37.51151	2
AATGC	983705	1.0306503	25.84226	1
AAGCT	968275	1.0144839	8.049962	1
TACTG	588910	1.0143235	21.771332	1
AGCAG	947700	1.0084618	8.349962	1
GCACT	427945	1.0029454	5.122716	7
TATGC	577155	0.9940769	28.50345	1
ATCAC	707995	0.9937939	27.478214	5
AGCAT	948295	0.9935504	22.527836	2
ACAGG	932310	0.992085	24.018679	2
GGGTA	757055	0.9885017	16.459366	6
AACTG	937580	0.982324	8.942424	1
GGATC	557600	0.9754218	6.938094	7
CGGCA	408710	0.97285205	14.817988	1
CAATG	901420	0.94443834	7.9424887	7
AAGGG	1181185	0.93818134	11.349305	6
TCGCA	394910	0.9255237	9.99759	1
GGACT	524065	0.91675824	5.9649963	7
GGAAC	860660	0.9158413	5.358397	7
ATCCA	650325	0.91284406	11.415389	5
CACGG	383315	0.91240436	23.890232	6
TCGGG	310445	0.90672916	20.710634	7
TATGG	693360	0.8913877	18.756985	2
GTCAG	507490	0.88776326	8.184048	1
CGATG	506365	0.8857952	9.287819	1
TCAAT	840665	0.86721605	7.858162	6
ACCAG	605930	0.8638349	9.777946	1
ACATG	814350	0.85321313	6.6016803	1
TCTAT	499770	0.84753096	15.714527	6
CTATG	486475	0.837892	15.941175	7
AGGGA	1048730	0.8329761	8.267402	4
GCGCA	348940	0.83058155	8.715649	1
AGGCA	772690	0.82223105	7.2193832	1
GGACA	767745	0.816969	5.7759004	7
AATGG	1010995	0.7906345	7.1641984	2
ATCAG	748300	0.784011	6.3875914	1
TCACG	324430	0.7603445	10.479431	5
AGGGT	570200	0.7445214	8.410526	4
ACGGG	410450	0.72924256	24.469378	7
ACGCT	307820	0.72141665	12.471677	1
ACTCG	307790	0.7213465	6.862777	5
TAGCT	404105	0.6960201	8.735954	1
GGCTA	392585	0.6867574	5.4559646	6
TACAG	603810	0.6326256	7.5353336	1
TAGCA	602265	0.6310069	5.9400887	1
ACACG	399055	0.56890666	7.9102397	5
ACGCA	378760	0.5399734	7.4308515	1
ATCTA	463430	0.47806668	6.4152174	5
CTAGG	223470	0.3909209	6.589408	6
TAGGG	281730	0.3678604	8.173323	7
>>END_MODULE
