##FastQC	0.10.1
>>Basic Statistics	pass
#Measure	Value	
Filename	Acer-082_S48_L001_R1_001.fastq.gz	
File type	Conventional base calls	
Encoding	Sanger / Illumina 1.9	
Total Sequences	8925185	
Filtered Sequences	0	
Sequence length	101	
%GC	39	
>>END_MODULE
>>Per base sequence quality	pass
#Base	Mean	Median	Lower Quartile	Upper Quartile	10th Percentile	90th Percentile
1	36.215036551063086	37.0	37.0	37.0	37.0	37.0
2	36.317459638091535	37.0	37.0	37.0	37.0	37.0
3	36.27941191134974	37.0	37.0	37.0	37.0	37.0
4	36.30094479834312	37.0	37.0	37.0	37.0	37.0
5	36.45630393095493	37.0	37.0	37.0	37.0	37.0
6	36.498892179825965	37.0	37.0	37.0	37.0	37.0
7	36.52154022577683	37.0	37.0	37.0	37.0	37.0
8	36.5093738673204	37.0	37.0	37.0	37.0	37.0
9	36.52235836007881	37.0	37.0	37.0	37.0	37.0
10-14	36.415906762716965	37.0	37.0	37.0	37.0	37.0
15-19	36.3519605027795	37.0	37.0	37.0	37.0	37.0
20-24	36.34216290194545	37.0	37.0	37.0	37.0	37.0
25-29	36.25394709465406	37.0	37.0	37.0	37.0	37.0
30-34	36.20664057943897	37.0	37.0	37.0	37.0	37.0
35-39	36.165058853121806	37.0	37.0	37.0	37.0	37.0
40-44	36.107010084384804	37.0	37.0	37.0	37.0	37.0
45-49	36.03114404911494	37.0	37.0	37.0	37.0	37.0
50-54	35.99548076594491	37.0	37.0	37.0	37.0	37.0
55-59	35.92083386506834	37.0	37.0	37.0	37.0	37.0
60-64	35.82381176412589	37.0	37.0	37.0	37.0	37.0
65-69	35.74909407480069	37.0	37.0	37.0	37.0	37.0
70-74	35.65070536913241	37.0	37.0	37.0	37.0	37.0
75-79	35.56630965072433	37.0	37.0	37.0	37.0	37.0
80-84	35.43237315529034	37.0	37.0	37.0	37.0	37.0
85-89	35.38240724421959	37.0	37.0	37.0	37.0	37.0
90-94	35.305156251663135	37.0	37.0	37.0	34.6	37.0
95-99	35.17996106523282	37.0	37.0	37.0	27.4	37.0
100-101	35.051823911773255	37.0	37.0	37.0	25.0	37.0
>>END_MODULE
>>Per sequence quality scores	pass
#Quality	Count
14	1.0
15	11.0
16	15.0
17	61.0
18	122.0
19	236.0
20	455.0
21	1075.0
22	2405.0
23	5434.0
24	10292.0
25	17297.0
26	26109.0
27	39770.0
28	56310.0
29	82713.0
30	112200.0
31	155602.0
32	205115.0
33	285332.0
34	407048.0
35	775202.0
36	5257829.0
37	1484551.0
>>END_MODULE
>>Per base sequence content	fail
#Base	G	A	T	C
1	20.868034013868503	29.714094526183764	25.853846623748623	23.564024836199113
2	29.708896336185592	26.568365488751827	21.294717687598684	22.428020487463904
3	19.938143519002498	12.740131406085903	26.798480602425606	40.52324447248599
4	26.70277950945931	17.42888540411322	35.71227534886723	20.156059737560238
5	47.49262900432876	13.076602893945616	12.567739492234614	26.863028609491007
6	47.48685881581166	6.731076162566938	20.09032865985411	25.69173636176729
7	47.73545667497687	13.78368182502151	18.484372914957316	19.996488585044307
8	59.360423269705144	12.303387806906837	11.821313711851767	16.514875211536257
9	48.17379893317683	24.214983457148417	8.272389376227661	19.338828233447092
10-14	41.80389407903527	27.34792082840326	17.890416848978983	12.95776824358249
15-19	22.506082318870302	39.41743294289803	22.707558326138855	15.36892641209281
20-24	21.27185563078887	39.42983890481212	24.580706627095637	14.717598837303367
25-29	19.8450132143467	38.87782925280342	25.617092287993433	15.660065244856444
30-34	19.84960429004417	38.19647723048453	25.107683926189594	16.846234553281704
35-39	19.87195566929864	37.87436309148756	25.288480805720052	16.965200433493752
40-44	19.84668889605966	37.90411781578287	25.206652683661396	17.04254060449607
45-49	19.982824509675222	37.85642010757236	25.1430323544862	17.017723028266214
50-54	20.23517013488397	37.787538269920276	24.955437894521385	17.02185370067437
55-59	19.851859773290226	37.94531236484108	25.07188381628328	17.130944045585412
60-64	19.83907434865841	38.32229324532067	25.055095493065753	16.78353691295516
65-69	20.0548617879015	38.10639837041585	24.949445256412393	16.889294585270257
70-74	19.843933094191485	38.28471276486926	24.98696278586955	16.884391355069702
75-79	19.69686229926424	38.470694798281066	25.179307701542292	16.653135200912406
80-84	19.75333822511307	38.409866829531786	25.313268297088115	16.52352664826703
85-89	19.86323311805159	38.41274819520573	25.105767144621204	16.618251542121474
90-94	19.7524757189907	38.60584626537153	25.062808221902404	16.578869793735368
95-99	20.12392169179511	38.300715073148965	25.074331234015457	16.50103200104047
100-101	19.972331105741787	38.33347992226492	25.10159733383678	16.59259163815652
>>END_MODULE
>>Per base GC content	fail
#Base	%GC
1	44.43205885006762
2	52.13691682364949
3	60.46138799148849
4	46.85883924701955
5	74.35565761381977
6	73.17859517757896
7	67.73194526002118
8	75.87529848124139
9	67.51262716662391
10-14	54.76166232261775
15-19	37.87500873096311
20-24	35.98945446809224
25-29	35.50507845920314
30-34	36.69583884332587
35-39	36.83715610279239
40-44	36.889229500555736
45-49	37.00054753794144
50-54	37.25702383555834
55-59	36.982803818875645
60-64	36.62261126161357
65-69	36.94415637317176
70-74	36.72832444926119
75-79	36.34999750017664
80-84	36.276864873380106
85-89	36.48148466017307
90-94	36.33134551272607
95-99	36.62495369283558
100-101	36.5649227438983
>>END_MODULE
>>Per sequence GC content	fail
#GC Content	Count
0	1444.0
1	1229.0
2	824.5
3	1281.5
4	8413.5
5	35274.0
6	83055.0
7	129179.0
8	151446.5
9	146755.5
10	121946.5
11	87453.5
12	56430.5
13	35940.5
14	24969.5
15	19460.0
16	16340.5
17	14391.0
18	13337.5
19	12714.5
20	12403.0
21	12665.5
22	13715.5
23	15699.0
24	18598.0
25	23304.0
26	30498.5
27	40837.5
28	54599.5
29	72479.0
30	94973.0
31	122573.0
32	153518.0
33	183154.0
34	211700.0
35	240086.5
36	267820.5
37	295143.0
38	318032.5
39	336941.0
40	354546.5
41	368080.0
42	374478.5
43	373834.0
44	369785.0
45	363538.5
46	352548.5
47	336723.5
48	310897.5
49	275103.0
50	240466.0
51	211689.0
52	188824.0
53	165886.5
54	141539.5
55	122647.0
56	109887.5
57	101892.5
58	97485.5
59	91013.0
60	80340.0
61	69280.5
62	60361.5
63	53043.5
64	45738.5
65	37713.5
66	30871.0
67	23614.0
68	17614.0
69	16024.5
70	15818.0
71	15469.5
72	12598.0
73	7738.0
74	3977.5
75	1906.0
76	1040.0
77	566.0
78	223.5
79	95.0
80	59.0
81	52.0
82	47.0
83	37.5
84	37.0
85	32.0
86	20.0
87	14.0
88	10.0
89	7.5
90	7.0
91	7.0
92	3.5
93	2.5
94	5.5
95	8.5
96	7.5
97	6.0
98	10.5
99	7.0
100	0.5
>>END_MODULE
>>Per base N content	pass
#Base	N-Count
1	0.03955100090362272
2	0.04287866301930997
3	0.003719810849859135
4	1.456552441209902E-4
5	0.0
6	0.0
7	8.963399638214782E-5
8	1.1204249547768478E-5
9	0.002039173417693863
10-14	2.756245388751045E-4
15-19	5.915843761221756E-4
20-24	2.464934900509065E-5
25-29	4.145572332674337E-4
30-34	4.1231638335788E-4
35-39	0.0013422690958226635
40-44	7.28276220604951E-4
45-49	0.0015842808860544626
50-54	0.002523196998157461
55-59	0.005667109421261296
60-64	5.019503797400279E-4
65-69	0.005637978372437098
70-74	0.016799651771924055
75-79	0.006211635949282843
80-84	8.963399638214782E-5
85-89	1.411735443018828E-4
90-94	0.0
95-99	2.2408499095536956E-6
100-101	0.0
>>END_MODULE
>>Sequence Length Distribution	pass
#Length	Count
101	8925185.0
>>END_MODULE
>>Sequence Duplication Levels	fail
#Total Duplicate Percentage	79.97643407765138
#Duplication Level	Relative count
1	100.0
2	38.52306162198003
3	29.518047325017612
4	28.162943931043056
5	28.562844473913223
6	27.60349757573246
7	26.351995358667274
8	23.237743980771622
9	19.97223488458829
10++	92.47233848576519
>>END_MODULE
>>Overrepresented sequences	pass
>>END_MODULE
>>Kmer Content	fail
#Sequence	Count	Obs/Exp Overall	Obs/Exp Max	Max Obs/Exp Position
AAAAA	83668025	16.044727	19.45783	95-97
CTGGG	4568705	10.765609	503.41425	3
CCTGG	2378455	7.5269203	352.78568	5
TGGGG	4161815	7.3021607	336.70105	4
GGGGG	3921995	7.2809134	215.6822	5
GCCTG	1706675	5.4009876	351.8343	4
TTTTT	3837545	5.3725615	6.5965137	80-84
TGCCT	1683085	5.034058	332.38693	3
CAGGG	2901675	4.5943418	170.51103	3
GGGGA	3874225	4.5675416	114.76242	5
GCTTC	1523550	4.556893	245.3751	3
TTTTC	1734940	3.451433	4.3882	75-79
CCAGG	1608325	3.4199927	153.36447	5
GGGGC	1368700	3.4124315	53.70452	5
GCTGG	1400420	3.2999222	176.97902	2
CTGCC	761310	3.2356443	140.65485	2
GGGGT	1793895	3.1474993	78.84375	5
CTTCC	770050	3.0931995	109.11107	4
TGCCA	1527375	3.0696359	144.35966	3
TTTTG	2031570	3.0093303	3.685197	95-97
CTTTT	1508535	3.00103	3.7812238	95-97
CTTCT	1058890	2.9933176	81.23729	4
TTGCC	998175	2.9855123	113.59815	2
GCATC	1483990	2.9824426	170.9783	3
CCCTG	693565	2.9477212	90.88438	7
GGGCA	1848745	2.9271939	64.25189	5
CTCTG	973525	2.911785	79.82228	7
AGGGG	2468425	2.9101648	102.33991	4
TGGGC	1232480	2.9041922	102.288864	4
GTGCC	907025	2.8703947	156.5608	2
TCTGG	1261745	2.810004	90.84165	2
TTCTC	992695	2.806195	61.58115	5
TCTCT	972975	2.7504494	75.52987	6
GCCAG	1281655	2.725351	152.86208	4
TTCCC	642700	2.58165	71.97928	5
TCCCT	642280	2.5799627	85.98292	6
TGCTG	1151485	2.5644464	45.938843	1
ATGCC	1226305	2.4645612	127.062096	2
TTTGC	1148035	2.4164636	21.954714	1
CTTCA	1238540	2.3525615	50.37391	4
TGCTT	1112130	2.3408883	35.589085	2
GGCTT	1044835	2.3269286	53.377533	2
GCTGC	733240	2.3204298	22.153084	1
TTGCT	1025810	2.159196	7.321303	1
CACTG	1062920	2.1361995	51.122883	7
GGCTG	903545	2.1290963	40.497974	1
GGGCT	881925	2.0781515	23.409775	5
ACTGG	1381390	2.067191	69.309135	2
CTTGC	687990	2.057758	32.879745	1
TTCTG	977000	2.0564573	19.813288	1
ATGGG	1836380	2.0462089	75.25151	3
GGGAA	2689550	2.0137062	33.32177	6
TCCTG	671810	2.0093641	47.397472	1
CATCC	739565	1.9961555	74.3486	4
CATGG	1329735	1.9898914	38.049732	5
TCTGC	661805	1.9794394	34.450565	1
CTTGG	887140	1.9757296	6.8660645	6
CCCAG	669480	1.9119029	41.646835	7
CATCT	973920	1.8499255	58.11907	4
GGGCC	552165	1.8488488	14.7040415	5
CGCTG	583805	1.8475244	71.285576	1
CCTGC	431425	1.8335998	22.306522	1
TGGCT	822100	1.8308804	11.936294	1
CTGCT	602080	1.8008037	9.856084	1
CCGTC	422790	1.7969002	5.047207	50-54
TGCAT	1267180	1.7922246	35.864338	3
TTCAC	933805	1.7737287	39.169697	5
TCACT	926825	1.7604703	48.321255	6
TGTGC	787185	1.7531217	32.26647	1
TTGCA	1235135	1.746902	14.176082	2
CTGCA	857655	1.7236687	10.5097685	2
GGGTG	981640	1.7223479	17.595333	6
TTCCA	897000	1.703819	17.258396	5
AGCTT	1196085	1.6916721	33.71503	2
GGCAT	1126045	1.685078	36.238125	2
GGCTC	522615	1.653881	7.5940313	6
GGGAC	1043995	1.6530004	24.524637	6
GCAGG	1037620	1.6429063	51.686928	2
GGGTT	985140	1.6336402	19.81214	6
GGGAG	1385550	1.6335027	18.795649	6
GGTGC	689305	1.6242651	31.416584	1
TCCCA	599715	1.6186872	39.506813	6
CAGCT	802000	1.6118164	9.651605	1
GTTGC	718235	1.5995648	19.639427	1
CGTGC	505115	1.5984997	41.67336	1
CCATG	793445	1.5946231	27.432339	7
CATGC	791655	1.5910255	34.381527	1
CGCTT	530085	1.5854688	52.83949	2
AGCTG	1057705	1.5828102	22.463348	1
GGGAT	1415275	1.5769875	24.120874	6
TCTCA	815520	1.5490505	35.59127	6
GCATG	1025920	1.5352453	37.8029	4
GGCAG	966245	1.5298954	12.685421	6
CTCAG	759800	1.5270051	37.693752	7
GGGTC	645650	1.5213974	18.242332	6
TGCAG	1012385	1.5149908	16.813736	1
TTCAA	1679160	1.508221	5.2076073	5
GGTTT	956500	1.4991091	5.5806274	7
TGGGT	900650	1.4935318	33.531185	4
CATCA	1167190	1.4897093	34.9895	4
GTGCT	655985	1.4609294	9.747289	1
CAAGG	1449105	1.4571127	16.175379	5
ATCTC	766540	1.4560148	45.176735	5
ATTGC	1024530	1.4490345	25.459538	1
TCAGG	939585	1.4060487	38.091774	2
TCCAT	738545	1.4028393	25.926098	6
ACTGC	697580	1.4019586	29.58889	1
GTCTG	619905	1.3805765	24.020683	1
TCCAG	670760	1.3480573	15.163184	1
TTCAG	950045	1.3436877	9.568438	1
ACCTG	658345	1.3231063	27.55107	1
GGCAA	1311020	1.3182646	14.105938	6
CCAAG	975670	1.3175683	5.7181363	7
TGCAA	1383955	1.3152403	15.225359	3
AGGGC	828855	1.3123603	27.0025	4
GCAAG	1304995	1.3122063	16.07653	4
GGTTG	783545	1.2993387	6.54641	7
GGCAC	601765	1.279612	17.105648	6
GATGC	854970	1.279426	23.650944	1
ATCCC	473565	1.2781965	49.126102	5
TGGGA	1136635	1.2665095	29.094242	4
GTGCA	842670	1.2610196	16.470158	2
CAGCA	930190	1.256151	6.528538	1
GGAGG	1059290	1.2488564	5.099577	7
TCGCT	416295	1.2451261	13.600205	1
GGGCG	497695	1.240849	14.56029	5
GAGCT	829060	1.2406529	7.4618764	1
GGAGC	783020	1.2397879	5.2914767	8
TGGCA	816580	1.221977	8.09526	1
TCATG	854615	1.208717	11.000476	1
CACAG	890625	1.2027215	23.16595	7
GGAAA	2486485	1.182282	9.75983	7
ATGCT	834780	1.1806635	8.424727	1
GGAAG	1572250	1.177167	8.577356	7
GGTTC	520335	1.1588264	5.71578	7
GATGG	1036150	1.1545429	20.082834	2
TCACA	882295	1.1260917	21.939314	6
CGCAG	526735	1.1200657	15.238484	1
AGTGC	744365	1.1139103	29.538074	1
GCACC	388810	1.1103646	5.0123005	7
TCCAA	866020	1.1053196	5.460688	6
GACTG	734855	1.099679	14.477768	1
ATGCA	1156150	1.098746	15.041144	2
GGATG	981715	1.093888	8.0588455	7
GGATT	1036325	1.0913731	6.058877	7
AATGC	1128715	1.0726731	26.48838	1
CGGCT	337340	1.0675547	20.05329	1
AAGCT	1119945	1.0643387	8.07895	1
AGCAG	1057810	1.0636555	8.769593	1
TTCTA	794180	1.0616049	9.280713	5
AGGCT	705385	1.0555786	11.546188	1
CGGGG	422455	1.0532612	36.88837	8
AACTG	1106770	1.0518177	8.998752	1
CCGCA	367675	1.0500073	9.754437	1
ACAGG	1042865	1.0486277	24.992287	2
ATCAC	820735	1.0475214	28.209332	5
TCTCG	348390	1.0420241	10.674479	5
CCGCT	244250	1.0380871	11.921704	1
CTCGG	326135	1.0320952	21.56042	6
TTGGG	621505	1.0306306	7.261368	7
GGGTA	924120	1.0297121	17.08553	6
AGCAT	1076345	1.0229034	23.070314	2
GGACG	643295	1.0185555	5.368268	7
AAGGG	1345920	1.0077102	11.995662	6
CAATG	1051700	0.999482	8.00439	7
GGAAC	992570	0.9980549	5.9079533	7
ATCTG	701470	0.9921177	13.674393	1
GGTCC	312410	0.98866075	5.8674173	6
TACTG	697330	0.9862623	20.049917	1
GCACT	490325	0.9854287	5.028368	7
GCGCT	310745	0.9833915	13.732394	1
CGCAT	472230	0.94906235	36.30736	2
ATCCA	743150	0.9484981	11.785973	5
TATGC	666405	0.9425237	26.271667	1
GGATC	613030	0.9173731	6.832173	7
TCAAT	1017380	0.9138104	7.5930376	6
CGGGC	271450	0.9089131	16.024399	8
ACCAG	671075	0.9062358	10.462704	1
CGGCA	423075	0.89963984	14.540759	1
AGGGA	1195485	0.8950774	8.592696	4
ACATG	939995	0.89332324	6.6466584	1
GGACT	596625	0.8928238	5.8081455	7
AAGCA	1392120	0.8889734	5.395695	1
TCGCA	441045	0.8863884	9.753057	1
AGGCA	873760	0.8785884	7.6528955	1
GGACA	871460	0.87627566	6.011824	7
GTCAG	582270	0.8713421	7.6979423	1
CACGG	408055	0.86770093	24.037834	6
TATGG	809540	0.8525415	17.049875	2
AATGG	1175045	0.8314971	7.1238904	2
ATCAG	874230	0.83082354	6.4686027	1
CGATG	538130	0.8052885	8.842682	1
TCTAT	596580	0.79746675	14.008735	6
CTATG	555270	0.7853411	14.832367	7
TCGGG	333210	0.78516966	18.19662	7
GCGCA	364420	0.774914	8.443921	1
AGGGT	674375	0.75143063	8.46657	4
TCACG	365815	0.7351952	10.207702	5
ACGGG	445455	0.7053073	24.745789	7
ACTCG	350850	0.7051194	6.4971395	5
ACGCT	347265	0.6979145	12.253265	1
TAGCT	489950	0.6929563	8.103446	1
TACAG	710180	0.67491883	7.5171037	1
TAGCA	707040	0.6719347	6.0234623	1
GGTAC	399440	0.5977448	5.001841	6
ACGCA	425215	0.5742206	8.009913	1
ACACG	420220	0.56747514	8.376381	5
ATCTA	541130	0.48604283	6.1341305	5
CTAGG	259815	0.38880202	6.2464952	6
TAGGG	332290	0.37025818	7.7070503	7
>>END_MODULE
