##FastQC	0.10.1
>>Basic Statistics	pass
#Measure	Value	
Filename	Acer-091_S51_L001_R1_001.fastq.gz	
File type	Conventional base calls	
Encoding	Sanger / Illumina 1.9	
Total Sequences	9667701	
Filtered Sequences	0	
Sequence length	101	
%GC	42	
>>END_MODULE
>>Per base sequence quality	pass
#Base	Mean	Median	Lower Quartile	Upper Quartile	10th Percentile	90th Percentile
1	36.24188770422254	37.0	37.0	37.0	37.0	37.0
2	36.333390740983816	37.0	37.0	37.0	37.0	37.0
3	36.30324779386537	37.0	37.0	37.0	37.0	37.0
4	36.32370498425634	37.0	37.0	37.0	37.0	37.0
5	36.470100906099596	37.0	37.0	37.0	37.0	37.0
6	36.51283143738103	37.0	37.0	37.0	37.0	37.0
7	36.53663813144407	37.0	37.0	37.0	37.0	37.0
8	36.52861450721325	37.0	37.0	37.0	37.0	37.0
9	36.53304637783067	37.0	37.0	37.0	37.0	37.0
10-14	36.42236204864011	37.0	37.0	37.0	37.0	37.0
15-19	36.34625766767094	37.0	37.0	37.0	37.0	37.0
20-24	36.33076442889576	37.0	37.0	37.0	37.0	37.0
25-29	36.24603123327873	37.0	37.0	37.0	37.0	37.0
30-34	36.20910104687764	37.0	37.0	37.0	37.0	37.0
35-39	36.1752175206908	37.0	37.0	37.0	37.0	37.0
40-44	36.13063076733548	37.0	37.0	37.0	37.0	37.0
45-49	36.07615729944482	37.0	37.0	37.0	37.0	37.0
50-54	36.04801441418182	37.0	37.0	37.0	37.0	37.0
55-59	35.987506005822894	37.0	37.0	37.0	37.0	37.0
60-64	35.91719361200766	37.0	37.0	37.0	37.0	37.0
65-69	35.8568868648296	37.0	37.0	37.0	37.0	37.0
70-74	35.774192520021046	37.0	37.0	37.0	37.0	37.0
75-79	35.71386409240419	37.0	37.0	37.0	37.0	37.0
80-84	35.614775570738075	37.0	37.0	37.0	37.0	37.0
85-89	35.57482588673357	37.0	37.0	37.0	37.0	37.0
90-94	35.50088868077322	37.0	37.0	37.0	37.0	37.0
95-99	35.407056858709225	37.0	37.0	37.0	37.0	37.0
100-101	35.2861789995367	37.0	37.0	37.0	37.0	37.0
>>END_MODULE
>>Per sequence quality scores	pass
#Quality	Count
14	1.0
15	15.0
16	40.0
17	101.0
18	180.0
19	299.0
20	592.0
21	1185.0
22	2550.0
23	5702.0
24	10523.0
25	18377.0
26	27915.0
27	41496.0
28	58319.0
29	83504.0
30	111619.0
31	151833.0
32	195311.0
33	269589.0
34	385188.0
35	770353.0
36	5792454.0
37	1740555.0
>>END_MODULE
>>Per base sequence content	fail
#Base	G	A	T	C
1	21.033369633017234	29.76029791403059	25.729015202406956	23.47731725054522
2	29.6476483988449	26.743033072815827	21.314540999583382	22.294777528755887
3	20.116646273274352	13.431833987132148	26.374433440736116	40.07708629885738
4	26.280882109102965	17.764103597414604	35.603013045614915	20.35200124786751
5	47.47431679982655	13.268728521910225	12.811008532431858	26.44594614583136
6	47.48356408622898	7.038064168513279	20.260266634228756	25.218105111028983
7	47.71697718389104	13.883879360182016	18.188104352157865	20.21103910376908
8	57.796915730016885	12.71410855590176	12.601361999093683	16.88761371498767
9	48.10441024217278	23.416969752011866	8.918275723068142	19.56034428274721
10-14	42.493242734721846	25.234003681797773	18.081985517831786	14.19076806564859
15-19	23.846928706997165	36.00283030765228	22.972794109372032	17.17744687597852
20-24	22.883603816188554	35.898128555603265	24.583321713883834	16.634945914324344
25-29	21.51173411097477	35.32373975403604	25.57685001016378	17.587676124825403
30-34	21.469076403756603	34.7626469511876	25.079689347977062	18.688587297078737
35-39	21.512304263332915	34.4756040914448	25.216549295883915	18.795542349338373
40-44	21.38097344091041	34.473653516688195	25.26768592726023	18.87768711514116
45-49	21.514137476445953	34.53794014965194	25.191235573081123	18.75668680082099
50-54	21.81162994954937	34.33634091066836	24.985140374354366	18.8668887654279
55-59	21.454225706950904	34.47536138443652	25.051127162274344	19.01928574633823
60-64	21.440705696150616	34.98930899757751	24.93491963341458	18.63506567285729
65-69	21.70134520944922	34.75582006936337	24.903537005098883	18.63929771608854
70-74	21.44648376344091	34.900003976774805	24.96607016561881	18.687442094165476
75-79	21.271864029194173	35.21483202777576	25.11497202790403	18.398331915126036
80-84	21.407240441219656	35.108213928936884	25.27460792454241	18.209937705301055
85-89	21.422435376734892	34.993561541659346	25.14645954094294	18.43754354066283
90-94	21.352242896217003	35.271632831838716	25.0674591611801	18.30866511076418
95-99	21.800725943013752	34.93939872571566	24.9810311675961	18.27884416367449
100-101	21.499521964942854	35.10794862191125	24.98507659680414	18.407452816341756
>>END_MODULE
>>Per base GC content	fail
#Base	%GC
1	44.51068688356245
2	51.94242592760079
3	60.19373257213173
4	46.63288335697048
5	73.92026294565792
6	72.70166919725797
7	67.92801628766011
8	74.68452944500456
9	67.66475452491999
10-14	56.684010800370444
15-19	41.024375582975686
20-24	39.5185497305129
25-29	39.09941023580018
30-34	40.157663700835336
35-39	40.30784661267129
40-44	40.258660556051574
45-49	40.27082427726694
50-54	40.678518714977265
55-59	40.473511453289134
60-64	40.07577136900791
65-69	40.34064292553776
70-74	40.133925857606386
75-79	39.670195944320206
80-84	39.61717814652071
85-89	39.85997891739772
90-94	39.66090800698118
95-99	40.07957010668824
100-101	39.90697478128461
>>END_MODULE
>>Per sequence GC content	fail
#GC Content	Count
0	397.0
1	392.0
2	366.0
3	798.5
4	5465.0
5	23158.0
6	55244.0
7	86739.5
8	103033.0
9	101738.0
10	86824.0
11	64491.5
12	43651.0
13	29676.0
14	21554.0
15	17192.5
16	14901.0
17	13374.0
18	12396.0
19	12005.0
20	11959.5
21	12516.5
22	13769.5
23	15877.5
24	19030.0
25	23365.5
26	29385.5
27	38453.5
28	50558.0
29	66976.0
30	89417.0
31	116342.5
32	146150.5
33	174090.0
34	201015.0
35	231412.5
36	258270.0
37	282714.0
38	308909.0
39	331771.0
40	352265.5
41	366003.0
42	370985.0
43	373112.0
44	373519.0
45	370076.0
46	359043.0
47	341447.0
48	320694.0
49	294288.0
50	267558.0
51	250770.5
52	238203.0
53	221571.5
54	204938.5
55	193726.5
56	187195.0
57	182848.0
58	179443.0
59	171699.5
60	157025.5
61	140061.5
62	121274.5
63	103383.5
64	88665.5
65	73522.0
66	58986.5
67	44034.5
68	32986.0
69	28134.0
70	24805.0
71	21549.0
72	16093.0
73	10115.5
74	5477.0
75	2923.0
76	1723.0
77	934.5
78	474.5
79	248.5
80	132.0
81	83.5
82	58.0
83	47.5
84	45.0
85	47.5
86	40.0
87	32.0
88	32.5
89	25.5
90	18.5
91	22.5
92	23.0
93	15.5
94	12.5
95	15.0
96	16.0
97	17.0
98	16.0
99	12.5
100	6.0
>>END_MODULE
>>Per base N content	pass
#Base	N-Count
1	0.038323485593938
2	0.04256441112525098
3	0.003661677166060473
4	8.274976646464347E-5
5	0.0
6	0.0
7	1.4481209131312606E-4
8	0.0
9	0.0018825571870706385
10-14	3.372052983434221E-4
15-19	6.144170159999777E-4
20-24	2.6893674101009125E-5
25-29	4.1995506480806556E-4
30-34	3.620302282828151E-4
35-39	0.0013777836116363135
40-44	6.764793408484603E-4
45-49	0.00153293942375752
50-54	0.0023790557858584995
55-59	0.005486309516605861
60-64	4.013363673535207E-4
65-69	0.005403559750141218
70-74	0.016307910226019608
75-79	0.005864889698181605
80-84	8.688725478787562E-5
85-89	1.4481209131312606E-4
90-94	0.0
95-99	0.0
100-101	0.0
>>END_MODULE
>>Sequence Length Distribution	pass
#Length	Count
101	9667701.0
>>END_MODULE
>>Sequence Duplication Levels	fail
#Total Duplicate Percentage	82.19256784288159
#Duplication Level	Relative count
1	100.0
2	36.24007505205592
3	24.005217033155617
4	21.691874699677367
5	21.691874699677367
6	22.197560808182505
7	22.348580189003044
8	22.75358671029449
9	21.895522046541426
10++	164.81019609637784
>>END_MODULE
>>Overrepresented sequences	pass
>>END_MODULE
>>Kmer Content	fail
#Sequence	Count	Obs/Exp Overall	Obs/Exp Max	Max Obs/Exp Position
AAAAA	61750930	17.010803	21.120136	95-97
CTGGG	4914960	8.1639	376.8265	3
CCTGG	2607230	5.6309586	251.55286	5
TGGGG	4407240	5.630139	255.44574	4
GGGGG	4300380	5.484523	158.8593	5
TTTTT	3516595	4.522265	5.5855007	55-59
GCCTG	1934710	4.178486	251.05801	4
TGCCT	1894550	4.0985427	251.65526	3
GCTTC	1839555	3.97957	195.86137	3
CAGGG	3213915	3.9226687	142.14543	3
GGGGA	3965605	3.7224712	90.60888	5
CCAGG	1824095	2.89481	122.265175	5
TGCCA	1773605	2.8193552	121.96139	3
CTTCT	1286295	2.7873034	68.73656	4
GGGGC	1672650	2.7737186	39.58972	5
GCATC	1739145	2.7645772	146.881	3
CTGCC	977715	2.7456212	96.891464	2
GCTGG	1631635	2.710196	132.67352	2
CTTCC	957760	2.6940482	83.16955	4
GGGCA	2075615	2.5333433	50.95509	5
CTCTG	1167290	2.5252366	62.392735	7
AGGGG	2649150	2.486729	86.14589	4
TTGCC	1148180	2.4838958	87.27893	2
TGGGC	1481305	2.4604933	80.98847	4
GGGGT	1925040	2.4591901	61.439198	5
TCTGG	1472070	2.4492126	72.46974	2
TCTCT	1116170	2.4186554	62.812634	6
GTGCC	1119705	2.4182806	113.487404	2
TTCTC	1107430	2.3997166	51.321182	5
GCCAG	1507375	2.3921802	121.88706	4
CCCTG	832435	2.3376458	63.29477	7
CTTCA	1418465	2.258561	47.32473	4
TGCTG	1342880	2.2342677	36.491577	1
ATGCC	1395370	2.2181058	105.78916	2
TTCCC	779930	2.1938367	54.268543	5
GCTGC	1007390	2.1757085	16.139217	1
GGCTT	1301380	2.1652205	44.01915	2
TCCCT	755390	2.124809	63.384834	6
TTTGC	1240455	2.0672803	18.022894	1
TGCTT	1236225	2.0602307	30.495028	2
GGGCT	1205490	2.002356	24.79069	5
ATGGG	2053890	1.9311651	70.79269	3
CACTG	1212445	1.9273249	43.362305	7
CATCC	917900	1.897202	61.093994	4
CTTGC	870445	1.8830624	25.70853	1
CATGG	1530660	1.8713123	33.220703	5
CTTGG	1121630	1.8661547	5.820148	6
TTGCT	1113125	1.8550785	5.989836	1
GGGAA	2677950	1.850181	28.386217	6
TCTGC	837050	1.8108178	26.162136	1
ACTGG	1479070	1.8082408	60.527172	2
TCCTG	835600	1.8076807	36.16561	1
GGCTG	1084420	1.8012551	30.116852	1
CATCT	1126370	1.7934706	53.299107	4
TTCTG	1075605	1.7925494	16.922802	1
TGCAT	1415125	1.7329366	33.302753	3
AGCTT	1399355	1.713625	32.577236	2
CCTGC	601930	1.6903409	15.28346	1
CTGCA	1057530	1.6810691	9.251268	2
CTGCT	770975	1.6678756	7.9696026	1
GGGCC	764140	1.6476145	12.279328	5
CCCAG	796115	1.6427583	32.868053	7
TTCAC	1027890	1.6366651	35.94869	5
TTGCA	1328805	1.6272308	13.589396	2
TGGCT	976200	1.62419	9.29248	1
GGCAT	1319370	1.6129992	32.00067	2
CAAGG	1792680	1.6104226	16.90544	5
GCAGG	1311035	1.600153	42.811813	2
TTCCA	998475	1.5898288	16.10332	5
CGCTG	735840	1.589229	51.51111	1
GGCTC	735675	1.5888726	8.415016	6
TTCAA	1758240	1.5847322	6.3533916	5
CAGCT	995560	1.5825605	8.318858	1
TCACT	982485	1.5643687	43.404938	6
AGCTG	1259430	1.5397193	19.839348	1
TGCAG	1255720	1.5351837	14.425272	1
CCATG	955760	1.5192937	23.774603	7
CATCA	1293785	1.5137175	35.005745	4
GCATG	1236490	1.511674	33.02457	4
TCCCA	725350	1.4992216	32.959705	6
TGTGC	899645	1.4968187	25.795576	1
CATGC	936165	1.4881451	28.649988	1
GGGTG	1163035	1.4857479	14.567966	6
GGGAT	1567095	1.4734572	20.687231	6
CGTGC	681445	1.4717494	30.607487	1
GGCAG	1205475	1.4713142	10.35811	6
GGTGC	885765	1.4712828	23.783253	1
GGGAG	1558705	1.4631398	16.115097	6
GGGAC	1176810	1.4363278	20.167505	6
TCTCA	891025	1.4187409	32.14617	6
GCAAG	1562000	1.4031954	16.815887	4
CGCTT	645300	1.3959988	42.31432	2
ATCTC	872320	1.3889576	40.74478	5
CTCAG	861840	1.3699967	32.08365	7
TGCAA	1520670	1.3683349	16.849672	3
CAGCA	1169900	1.3665048	6.151254	1
TGGGT	1067555	1.3660386	32.17322	4
GGGTT	1063055	1.3602803	15.365383	6
GTTGC	812680	1.3521273	15.891781	1
GGGTC	806085	1.3389319	16.601782	6
ACTGC	836750	1.3301132	24.681131	1
GGCAA	1477575	1.3273536	12.051491	6
AGGGC	1084210	1.323307	24.922857	4
TCCAT	830570	1.3224809	23.839548	6
GAGCT	1079405	1.3196294	6.863724	1
GTGCT	792005	1.3177285	7.7823615	1
CCAAG	1126660	1.3159982	5.6347494	7
ATTGC	1071655	1.3123293	23.810003	1
GATGC	1041720	1.2735574	20.871248	1
TCAGG	1040515	1.2720842	34.176994	2
TTCAG	1029915	1.2612153	9.157511	1
GGAAA	2463430	1.252685	8.712953	7
TCCAG	782310	1.2435744	12.752959	1
GTGCA	1005205	1.228916	14.96022	2
TGGCA	999625	1.2220942	7.3532696	1
GTCTG	728810	1.2125853	18.973392	1
GGCAC	761790	1.2089486	14.057637	6
CACAG	1032640	1.206178	21.952694	7
ATGCA	1335480	1.2016965	15.775443	2
TGGGA	1271480	1.1955061	27.067163	4
ACCTG	749480	1.1913872	22.901165	1
AGCAG	1323445	1.1888936	8.8612795	1
ATCCC	571065	1.1803309	39.901623	5
GGAAG	1705985	1.1786557	8.300283	7
CGCAG	736790	1.1692741	12.261189	1
TCATG	944480	1.1565931	10.422338	1
AATGC	1263510	1.1369361	26.830177	1
TCCAA	970165	1.1350849	5.7053843	6
GATGG	1194515	1.1231399	18.834913	2
TCGCT	518220	1.1210824	10.94009	1
GGTTG	875155	1.1198443	5.190471	7
TCACA	955420	1.1178334	21.993107	6
AAGCT	1241455	1.1170906	8.621802	1
GGATG	1182240	1.1115984	7.5440207	7
GGGCG	670155	1.1113033	11.821104	5
ATGCT	899515	1.10153	7.994917	1
AGCAT	1221050	1.0987297	23.886696	2
AAGGG	1583820	1.0942526	13.045256	3
ACAGG	1216215	1.0925654	24.422441	2
GGATT	1147810	1.0810171	5.0407405	7
CCGCA	522205	1.0775536	7.741924	1
AGTGC	875255	1.0700452	25.829603	1
CAATG	1188640	1.0695664	8.876664	7
CGGCT	494440	1.0678656	15.41486	1
GGTCT	631135	1.0500748	5.0237403	7
ATCAC	891125	1.0426087	27.559017	5
AACTG	1152085	1.0366734	9.10659	1
TTCTA	832625	1.0213101	9.842697	5
AAGCA	1527225	1.0097874	5.9932036	1
AGGCT	823615	1.0069127	10.396759	1
ATCTG	817540	1.0011446	12.770707	1
CGGCA	624875	0.9916666	11.767445	1
GACTG	796640	0.97393423	12.772092	1
TCAAT	1074375	0.9683528	8.917189	6
ATCCA	825805	0.96618485	11.896849	5
TCTCG	441735	0.95561975	8.196983	5
GGAAC	1061245	0.95335084	5.1069183	7
CTCGG	440965	0.9523731	15.732329	6
ACATG	1045070	0.9403787	6.776114	1
AGGGA	1360580	0.9400173	9.057589	4
ACCAG	803145	0.93811566	9.63054	1
CGCAT	587720	0.93425053	31.525269	2
TTGGG	729910	0.9339896	6.810167	7
GCGCT	432085	0.9331945	10.297189	1
GGATC	760735	0.9300386	5.9261203	7
GGTCC	428895	0.92630494	5.331395	6
AGGCA	1028850	0.92424935	7.0853615	1
CCGCT	328700	0.92305595	9.083116	1
GGGTA	981475	0.92282945	13.922966	6
TACTG	744245	0.911389	18.725733	1
AATGG	1291425	0.89371955	8.459692	2
TCGCA	553600	0.88001275	8.177665	1
CGATG	718785	0.87875247	7.959713	1
TATGC	714075	0.87444335	23.831402	1
CGGGG	525250	0.8710106	25.659595	8
GGACA	962940	0.8650403	5.1792397	7
ATCAG	955130	0.8594485	6.802755	1
CGGGC	392905	0.8471694	11.641664	8
CACGG	523360	0.830564	18.841776	6
GTCAG	670970	0.82029605	6.936117	1
TATGG	851970	0.8023924	16.93967	2
GCGCA	504830	0.8011571	7.183556	1
TCTAT	643680	0.7895474	14.4620905	6
CTATG	630915	0.7726071	14.42981	7
AGGGT	800095	0.7522874	9.647692	4
TACAG	779485	0.70139897	7.6919694	1
TAGCA	776205	0.69844764	6.4005127	1
TCACG	438110	0.6964277	8.341287	5
TCGGG	412575	0.6852998	13.734795	7
ACTCG	424380	0.67460227	5.5282226	5
GGCTA	548955	0.67112637	6.1188154	6
ACGCT	411555	0.6542154	10.590303	1
ACGGG	532505	0.6499365	20.626247	7
TAGCT	528730	0.6474733	7.8195767	1
ACGCA	517955	0.6049987	7.641162	1
GGTAC	462220	0.5650883	5.4132543	6
ACACG	481520	0.5624407	7.7220907	5
ATCTA	606110	0.54629743	7.103035	5
CTAGG	293695	0.35905755	5.9284916	6
TAGGG	375050	0.35263985	7.798466	7
>>END_MODULE
