##FastQC	0.10.1
>>Basic Statistics	pass
#Measure	Value	
Filename	Acer-102_S56_L001_R1_001.fastq.gz	
File type	Conventional base calls	
Encoding	Sanger / Illumina 1.9	
Total Sequences	10786783	
Filtered Sequences	0	
Sequence length	101	
%GC	44	
>>END_MODULE
>>Per base sequence quality	pass
#Base	Mean	Median	Lower Quartile	Upper Quartile	10th Percentile	90th Percentile
1	36.2669734804158	37.0	37.0	37.0	37.0	37.0
2	36.353498999655415	37.0	37.0	37.0	37.0	37.0
3	36.32135762812694	37.0	37.0	37.0	37.0	37.0
4	36.333923747237705	37.0	37.0	37.0	37.0	37.0
5	36.4933792586724	37.0	37.0	37.0	37.0	37.0
6	36.53088293330829	37.0	37.0	37.0	37.0	37.0
7	36.55176144731937	37.0	37.0	37.0	37.0	37.0
8	36.53934931295086	37.0	37.0	37.0	37.0	37.0
9	36.556420018832306	37.0	37.0	37.0	37.0	37.0
10-14	36.43119002208537	37.0	37.0	37.0	37.0	37.0
15-19	36.34081785088288	37.0	37.0	37.0	37.0	37.0
20-24	36.32469393330709	37.0	37.0	37.0	37.0	37.0
25-29	36.246805317210885	37.0	37.0	37.0	37.0	37.0
30-34	36.220735820865215	37.0	37.0	37.0	37.0	37.0
35-39	36.19655923364732	37.0	37.0	37.0	37.0	37.0
40-44	36.17064116335705	37.0	37.0	37.0	37.0	37.0
45-49	36.1542984595129	37.0	37.0	37.0	37.0	37.0
50-54	36.143135001417946	37.0	37.0	37.0	37.0	37.0
55-59	36.10468665217424	37.0	37.0	37.0	37.0	37.0
60-64	36.07538069505987	37.0	37.0	37.0	37.0	37.0
65-69	36.03897870199113	37.0	37.0	37.0	37.0	37.0
70-74	35.98943900141497	37.0	37.0	37.0	37.0	37.0
75-79	35.96968979537272	37.0	37.0	37.0	37.0	37.0
80-84	35.93079703188615	37.0	37.0	37.0	37.0	37.0
85-89	35.90562596837259	37.0	37.0	37.0	37.0	37.0
90-94	35.84919086626661	37.0	37.0	37.0	37.0	37.0
95-99	35.80450885124879	37.0	37.0	37.0	37.0	37.0
100-101	35.703824022417066	37.0	37.0	37.0	37.0	37.0
>>END_MODULE
>>Per sequence quality scores	pass
#Quality	Count
15	7.0
16	33.0
17	100.0
18	172.0
19	255.0
20	446.0
21	822.0
22	1824.0
23	3791.0
24	7657.0
25	14729.0
26	24365.0
27	38120.0
28	54757.0
29	78555.0
30	104213.0
31	140028.0
32	176118.0
33	239873.0
34	346505.0
35	762642.0
36	6810606.0
37	1981165.0
>>END_MODULE
>>Per base sequence content	fail
#Base	G	A	T	C
1	21.099704124423734	29.180122406776192	25.863344491152528	23.85682897764754
2	29.990876578385787	25.977479978694397	21.200663430512257	22.830980012407558
3	20.145748552457565	11.45908476287468	27.284794674026564	41.11037201064119
4	27.181924970874043	16.74612356190745	35.691524368135745	20.380427099082755
5	47.456827489715884	12.720483947809091	12.449420740178049	27.37326782229697
6	47.46471677422267	6.060555774599341	20.28349879662917	26.191228654548816
7	47.71087531804021	13.158384371959524	18.903443247349877	20.227297062650386
8	62.39119322148162	10.699641468604817	10.993176648976497	15.91598866093706
9	50.26745290348037	23.119300552575925	7.500297592228559	19.11294895171515
10-14	44.566043565499896	25.132737780765147	16.96500104257484	13.336217611160114
15-19	25.868406614306334	35.099007061964386	22.471804530969642	16.560781792759638
20-24	24.622051722162652	33.73962139323095	25.328909548003953	16.309417336602447
25-29	22.822981554002954	32.875782115254935	26.756100781279507	17.5451355494626
30-34	22.670676253764967	31.94198146825846	26.34275102003416	19.044591257942407
35-39	23.114662901814174	31.1526030712826	26.463666659849594	19.26906736705363
40-44	22.928594303273243	31.142310110096926	26.609279771736965	19.31981581489287
45-49	23.0735985910855	31.191549865285083	26.41305110444871	19.321800439180713
50-54	23.464014260288156	31.16931392527255	26.088078531783797	19.278593282655493
55-59	23.193769944091414	31.347153059609994	26.160369551705376	19.298707444593212
60-64	22.97602030699979	31.67290821671148	26.21755281176796	19.133518664520775
65-69	23.19607650589515	31.27270581774765	26.27977335234623	19.251444324010972
70-74	22.844956084181707	31.26724556964241	26.612129517190436	19.27566882898544
75-79	22.723123304425314	31.667780748043374	26.66912228126287	18.93997366626844
80-84	23.005996621084492	31.72069433990027	26.52374510541826	18.74956393359698
85-89	22.907516529092874	31.595884980790263	26.428671140678777	19.067927349438087
90-94	22.77827226152598	31.789057033964625	26.58386842490481	18.848802279604588
95-99	23.28545405984342	31.52039676704352	26.525402429992333	18.668746743120725
100-101	22.888775087067202	31.705310100332973	26.657076535237618	18.74883827736221
>>END_MODULE
>>Per base GC content	fail
#Base	%GC
1	44.956533102071276
2	52.821856590793345
3	61.25612056309876
4	47.5623520699568
5	74.83009531201286
6	73.65594542877149
7	67.9381723806906
8	78.30718188241869
9	69.38040185519552
10-14	57.90226117666002
15-19	42.42918840706597
20-24	40.931469058765096
25-29	40.36811710346556
30-34	41.715267511707374
35-39	42.3837302688678
40-44	42.24841011816611
45-49	42.395399030266205
50-54	42.74260754294365
55-59	42.49247738868463
60-64	42.10953897152056
65-69	42.44752082990612
70-74	42.12062491316715
75-79	41.66309697069376
80-84	41.75556055468147
85-89	41.97544387853096
90-94	41.62707454113057
95-99	41.954200802964145
100-101	41.63761336442941
>>END_MODULE
>>Per sequence GC content	warn
#GC Content	Count
0	102.0
1	107.5
2	112.0
3	158.5
4	531.5
5	2127.5
6	5425.0
7	9543.0
8	12699.5
9	13788.0
10	13225.5
11	11359.5
12	9007.0
13	7210.0
14	6142.0
15	5546.5
16	5125.0
17	4903.5
18	4873.5
19	5069.5
20	5562.5
21	6165.0
22	7281.0
23	9150.5
24	11869.5
25	15915.5
26	21712.5
27	30450.0
28	42989.0
29	58877.5
30	79961.0
31	107510.0
32	137808.5
33	169720.0
34	205223.0
35	244356.5
36	286043.5
37	329376.0
38	370300.0
39	410093.0
40	453976.5
41	493372.0
42	518331.5
43	530051.5
44	538713.0
45	542922.0
46	534551.0
47	512956.5
48	475590.0
49	428401.5
50	384243.5
51	349968.5
52	320028.5
53	280783.5
54	233066.0
55	194991.0
56	170917.0
57	154258.0
58	142308.0
59	130484.5
60	116501.5
61	101619.5
62	87859.0
63	77301.5
64	69596.0
65	59848.0
66	47331.0
67	34444.5
68	27227.5
69	25942.0
70	23600.0
71	20738.5
72	16487.0
73	10103.5
74	5024.0
75	2634.0
76	1517.0
77	786.0
78	284.0
79	99.5
80	65.5
81	59.5
82	60.0
83	53.5
84	44.5
85	40.0
86	36.0
87	26.5
88	21.5
89	20.5
90	17.0
91	12.0
92	10.5
93	10.0
94	11.5
95	12.5
96	14.0
97	15.0
98	14.5
99	8.5
100	2.0
>>END_MODULE
>>Per base N content	pass
#Base	N-Count
1	0.039029245327360344
2	0.043052687719777064
3	0.00368970062714713
4	1.1124725508986321E-4
5	0.0
6	0.0
7	1.6687088263479482E-4
8	9.270604590821933E-6
9	0.0019560975686634284
10-14	2.54014565788521E-4
15-19	6.266928703395628E-4
20-24	2.5957692854301417E-5
25-29	3.8565715097819243E-4
30-34	3.3745000710591844E-4
35-39	0.001264510466188112
40-44	6.433799586030423E-4
45-49	0.0014146942605594273
50-54	0.0022323615854699217
55-59	0.005269411649423188
60-64	3.652618208783842E-4
65-69	0.005197100933614777
70-74	0.01570625829777052
75-79	0.005719963032537133
80-84	7.787307856290425E-5
85-89	1.3349670610783587E-4
90-94	0.0
95-99	0.0
100-101	0.0
>>END_MODULE
>>Sequence Length Distribution	pass
#Length	Count
101	1.0786783E7
>>END_MODULE
>>Sequence Duplication Levels	fail
#Total Duplicate Percentage	79.05664242102006
#Duplication Level	Relative count
1	100.0
2	55.10862327284834
3	50.34334942567005
4	46.05252205759947
5	39.61628100549359
6	30.57058431829532
7	22.931579823539206
8	16.586898618278674
9	11.759197602796737
10++	43.21208589978359
>>END_MODULE
>>Overrepresented sequences	pass
>>END_MODULE
>>Kmer Content	fail
#Sequence	Count	Obs/Exp Overall	Obs/Exp Max	Max Obs/Exp Position
CTGGG	5798000	6.830809	314.81003	3
AAAAA	14677945	5.5980573	7.625976	95-97
GGGGG	5813860	4.923512	140.69179	5
CCTGG	3057285	4.8988132	227.41084	5
TGGGG	5550990	4.808432	218.53705	4
GGGGA	5174955	3.7361932	87.37031	5
CAGGG	3685670	3.6190968	128.20233	3
TGCCT	2203650	3.6117706	231.9541	3
TTTTT	3782210	3.5864854	4.659501	95-97
GCCTG	2227505	3.5692227	226.78761	4
GCTTC	1942870	3.1843536	165.04878	3
CCAGG	2049535	2.737159	116.59298	5
TGCCA	1962555	2.6809525	118.785576	3
GCATC	1884505	2.574332	141.53223	3
AGGGG	3289780	2.375142	80.293686	4
GGGCA	2354280	2.3117552	45.318233	5
GCCAG	1698020	2.2677097	116.14861	4
CTTCC	1014190	2.2607772	76.13867	4
CTGCC	1014195	2.2102292	90.18267	2
CTTCT	1317505	2.2087796	59.518227	4
CTCTG	1343440	2.201891	56.209568	7
TTGCC	1337395	2.1919832	77.51942	2
CTTCA	1564960	2.1867194	43.993736	4
GCTGG	1855370	2.185871	111.774445	2
GGGGC	1869075	2.1527727	29.231226	5
TTCTC	1261285	2.1145277	46.602345	5
TCTGG	1733410	2.088901	61.42565	2
ATGCC	1521950	2.079063	107.02885	2
GTGCC	1275695	2.0440984	100.0516	2
TCTCT	1204325	2.0190349	57.678307	6
GGGAA	3271270	2.0134993	29.978882	6
GGGGT	2302325	1.9943422	45.647747	5
CCCTG	914670	1.9933352	60.031307	7
CATCT	1368400	1.9120663	52.645172	4
CACTG	1398010	1.9097545	42.80107	7
TTCAA	2148340	1.8816735	5.278665	5
TTCCC	829985	1.8501577	51.413677	5
ACTGG	1805395	1.8133371	55.441906	2
TGCTG	1482065	1.7860098	30.910467	1
TCCCT	800410	1.7842306	61.46182	6
TGGGC	1510505	1.7795744	57.552204	4
TTTGC	1422165	1.7530292	15.518904	1
CATCC	940615	1.7475923	63.68542	4
CATCA	1499490	1.7463174	37.50616	4
CCCAG	959120	1.7421219	33.354412	7
CATGG	1702020	1.7095073	29.771395	5
TTCAC	1216040	1.6991736	35.405262	5
TGCTT	1356315	1.6718595	25.282898	2
TTCCA	1192680	1.6665326	15.155678	5
ATGGG	2240250	1.6544052	56.25257	3
TCACT	1183485	1.6536843	43.782856	6
GGCTT	1365075	1.6450272	35.287384	2
TCCCA	880250	1.6354386	34.200294	6
GCTGC	1009090	1.6169063	14.208954	1
CAGCA	1414940	1.6109983	6.5065336	1
CTTGC	977125	1.6015027	22.610807	1
CAAGG	1905600	1.5952467	14.695529	5
GGAAA	3038275	1.5943164	8.219224	7
CTGCA	1162175	1.5875914	8.447167	2
TTGCA	1544785	1.5870733	11.729334	2
AGCTT	1544750	1.5870373	30.15552	2
GGGAG	2187180	1.5790914	17.098125	6
TGCAT	1526110	1.5678871	30.409218	3
TTGCT	1268145	1.563177	5.163196	1
TTCTG	1227875	1.5135382	14.897287	1
TCCTG	916735	1.5025237	34.205376	1
TGCAA	1735465	1.4860537	14.967226	3
GCAAG	1763620	1.47639	14.602307	4
GCAGG	1501075	1.4739614	38.582676	2
TCTCA	1052960	1.4713017	32.658405	6
CCAAG	1291420	1.4703628	5.1683755	7
TCTGC	895730	1.4680967	23.30688	1
CAGCT	1067445	1.4581856	7.97829	1
GGAAG	2351195	1.447184	10.855251	7
GGCAG	1464715	1.4382582	9.830072	6
AGCAG	1717785	1.4380199	8.639106	1
CACAG	1262000	1.4368663	23.296343	7
GGCAA	1714525	1.4352907	13.108663	6
AGCTG	1421295	1.4275475	18.616663	1
ATCTC	1018985	1.4238285	42.08013	5
CCATG	1030700	1.40799	23.059778	7
GGCAT	1380655	1.3867286	30.135115	2
TGCAG	1367115	1.3731291	13.576398	1
CTGCT	837695	1.3729775	6.590012	1
CTCAG	1000050	1.3661205	31.95654	7
TCCAA	1168475	1.3608148	5.3396945	6
TCACA	1167590	1.3597841	23.851274	6
GGCTG	1151155	1.3562126	26.255312	1
AAGCA	1888360	1.3476999	7.1631913	1
TCCAT	953700	1.3326056	23.572361	6
GGGCT	1122525	1.3224827	11.568426	8
ATTGC	1283955	1.3191031	22.36205	1
CGCTG	822135	1.3173406	45.987392	1
GGGAT	1778060	1.3130817	20.303242	6
GGGAC	1336825	1.3126782	21.008316	6
AATGC	1532270	1.3120607	28.55748	1
AACTG	1530465	1.3105152	9.231141	1
CCTGC	599930	1.3074242	14.3685255	1
TGGCT	1081005	1.3026996	7.820762	1
ACTGC	952505	1.3011715	24.71924	1
GCATG	1292565	1.2982512	29.57799	4
CATGC	936540	1.2793624	28.52373	1
TTCAG	1237880	1.2717668	8.720426	1
AAGCT	1475175	1.2631712	9.03248	1
CAATG	1459555	1.2497959	7.760732	7
GGAGG	1711400	1.2355896	5.1428833	7
GGAGA	2005920	1.2346637	5.252252	7
GGAGC	1252090	1.2294737	5.2883706	8
TCAGG	1216100	1.2214497	31.731558	2
TGTGC	1005965	1.2122701	21.602875	1
ATCAC	1040420	1.2116811	30.964705	5
TCCAG	879925	1.2020234	12.777993	1
ATGCA	1401175	1.1998061	15.243831	2
ATCCC	643985	1.196476	42.81479	5
GGGCC	752000	1.1780132	8.983688	7
CGCTT	714300	1.1707339	36.041283	2
CGTGC	726485	1.1640767	26.426943	1
TCAAT	1316120	1.1527543	7.970118	6
GGGTG	1317570	1.1413182	10.6369705	6
GTTGC	946830	1.1410077	13.091924	1
ATCCA	975250	1.1357836	12.915326	5
GAGCT	1130545	1.1355184	6.224892	1
GATGC	1123265	1.1282064	19.618965	1
ACCTG	825100	1.1271296	23.50854	1
ACAGG	1340495	1.1221768	24.695915	2
TCATG	1072330	1.1016848	9.633457	1
GGCAC	823475	1.0997529	12.675254	6
GGTGC	932555	1.098673	19.57526	1
TGGCA	1092815	1.0976224	7.0209804	1
GTGCA	1092005	1.0968089	12.591262	2
GGGTT	1229325	1.0892369	12.000119	6
AGCAT	1270455	1.0878724	24.854939	2
GATGG	1467820	1.0839721	15.177677	2
GGAAC	1291140	1.0808598	6.0046186	7
AAGGG	1749590	1.0768902	10.756446	6
AGGCA	1284295	1.0751296	7.616406	1
AGGGC	1086590	1.0669631	17.86288	4
ACCAG	936415	1.0661674	10.379838	1
ATGCT	1023515	1.0515336	7.5436077	1
ATCAG	1220680	1.0452508	6.8467803	1
GGATG	1413015	1.0434991	7.7170863	7
CCGCA	569080	1.0336629	7.494527	1
GGATT	1367570	1.0330409	5.014884	7
ATCTG	1000730	1.0281249	11.818052	1
CGCAG	766485	1.0236425	11.754574	1
GGACA	1220385	1.0216283	6.6014266	7
AGGCT	1008900	1.0133382	9.311257	1
GTCTG	832305	1.0029957	16.118807	1
AGGGA	1596420	0.98261243	5.811794	4
AGTGC	978145	0.982448	24.409143	1
GTGCT	811725	0.9781951	6.261991	1
AATGG	1541785	0.9706922	6.348789	2
TGGGA	1309240	0.96686226	17.55251	4
GGGTC	812530	0.9572677	11.323924	6
TCGCT	582310	0.9544029	9.187355	1
ACATG	1108840	0.9494837	6.9174333	1
GGAAT	1493350	0.94019794	5.243851	7
GACTG	931395	0.93549234	12.064172	1
TGGGT	1029120	0.9118463	16.860975	4
CGCAT	663440	0.90629363	30.510548	2
TACTG	870555	0.89438635	17.305717	1
TTCTA	845670	0.88869447	8.053926	5
GGACG	889940	0.8738652	5.251245	7
GGATC	860315	0.8640996	5.9607716	7
TCGCA	630365	0.86111134	8.038625	1
CGATG	832310	0.8359714	7.026343	1
TCTCG	509360	0.8348383	7.0949764	5
CGGCA	611150	0.81619227	11.25351	1
GGGCG	696300	0.8019878	8.750208	5
TATGC	778050	0.799349	23.336414	1
TAGCA	930325	0.796624	6.5641646	1
ACTCG	569475	0.7779325	5.2449884	5
GTCAG	772890	0.77629	6.486192	1
GGGTA	1047360	0.77346617	12.827907	6
TATGG	1021915	0.7719386	13.431066	2
TACAG	889010	0.76124656	8.0674305	1
CTCGG	469805	0.7527877	13.122864	6
CCGCT	343785	0.74920875	7.6877537	1
CTATG	715770	0.7353641	12.36515	7
CGGCT	456565	0.7315728	12.689288	1
TCTAT	686980	0.72193086	12.643928	6
GCGCT	446815	0.71595	8.636586	1
TCACG	521515	0.71241665	7.743926	5
CACGG	531705	0.7100933	17.021242	6
ACGCA	609705	0.6941875	8.420253	1
GCGCA	519480	0.6937668	6.79061	1
TAGCT	625795	0.64292604	7.1930556	1
ACGCT	470565	0.6428163	10.413614	1
CGGGG	525510	0.6052745	20.909595	8
ATCTA	680060	0.5956463	6.6201015	5
ACACG	510435	0.58116233	8.054519	5
ACGGG	590085	0.57942647	16.545685	7
CGGGC	360750	0.56511736	7.9071355	8
TCGGG	428030	0.50427586	10.711418	7
TAGGG	422475	0.31199414	5.075363	7
>>END_MODULE
