##FastQC	0.10.1
>>Basic Statistics	pass
#Measure	Value	
Filename	Acer-083_S49_L001_R1_001.fastq.gz	
File type	Conventional base calls	
Encoding	Sanger / Illumina 1.9	
Total Sequences	10765315	
Filtered Sequences	0	
Sequence length	101	
%GC	44	
>>END_MODULE
>>Per base sequence quality	pass
#Base	Mean	Median	Lower Quartile	Upper Quartile	10th Percentile	90th Percentile
1	36.273892589301845	37.0	37.0	37.0	37.0	37.0
2	36.35600054434078	37.0	37.0	37.0	37.0	37.0
3	36.32613304859171	37.0	37.0	37.0	37.0	37.0
4	36.34409759491478	37.0	37.0	37.0	37.0	37.0
5	36.49409218401877	37.0	37.0	37.0	37.0	37.0
6	36.53378270863416	37.0	37.0	37.0	37.0	37.0
7	36.55536191927501	37.0	37.0	37.0	37.0	37.0
8	36.545974084362605	37.0	37.0	37.0	37.0	37.0
9	36.55893097415171	37.0	37.0	37.0	37.0	37.0
10-14	36.43817398747738	37.0	37.0	37.0	37.0	37.0
15-19	36.35136420996506	37.0	37.0	37.0	37.0	37.0
20-24	36.336053222780755	37.0	37.0	37.0	37.0	37.0
25-29	36.26102702986397	37.0	37.0	37.0	37.0	37.0
30-34	36.233384568867706	37.0	37.0	37.0	37.0	37.0
35-39	36.210698692978326	37.0	37.0	37.0	37.0	37.0
40-44	36.18212013303837	37.0	37.0	37.0	37.0	37.0
45-49	36.16699927498638	37.0	37.0	37.0	37.0	37.0
50-54	36.15190730601009	37.0	37.0	37.0	37.0	37.0
55-59	36.11451822821719	37.0	37.0	37.0	37.0	37.0
60-64	36.0840175136538	37.0	37.0	37.0	37.0	37.0
65-69	36.04642875754216	37.0	37.0	37.0	37.0	37.0
70-74	35.995144127227114	37.0	37.0	37.0	37.0	37.0
75-79	35.97312353609718	37.0	37.0	37.0	37.0	37.0
80-84	35.93228218589052	37.0	37.0	37.0	37.0	37.0
85-89	35.90634551798995	37.0	37.0	37.0	37.0	37.0
90-94	35.84971349189503	37.0	37.0	37.0	37.0	37.0
95-99	35.805638218668015	37.0	37.0	37.0	37.0	37.0
100-101	35.70576086254792	37.0	37.0	37.0	37.0	37.0
>>END_MODULE
>>Per sequence quality scores	pass
#Quality	Count
14	2.0
15	11.0
16	43.0
17	111.0
18	151.0
19	241.0
20	452.0
21	915.0
22	1809.0
23	3968.0
24	7682.0
25	14639.0
26	24258.0
27	38111.0
28	54254.0
29	78125.0
30	103568.0
31	138077.0
32	175434.0
33	239326.0
34	345338.0
35	747682.0
36	6735938.0
37	2055180.0
>>END_MODULE
>>Per base sequence content	fail
#Base	G	A	T	C
1	21.036426201142806	29.335660209214392	25.97586145052462	23.652052139118183
2	29.92002166409062	26.096094070031366	21.286093497575987	22.69779076830203
3	20.03182569994942	11.936774057502705	26.948778365955604	41.08262187659227
4	26.865171139231713	17.025853160232707	35.84401139253076	20.26496430800482
5	47.677048714045874	12.80240409151094	12.476199022155788	27.044348172287403
6	47.689761052045384	6.184426558814118	20.159428683693882	25.96638370544661
7	47.93740924541229	13.28181779674242	18.67382931226415	20.106943645581136
8	61.29568897891051	11.096656252046504	11.294486041513881	16.313168727529106
9	49.615953904436125	23.368159408251508	7.836387055445952	19.179499631866413
10-14	44.21075707703047	24.964509532260408	17.21847029595594	13.606263094753182
15-19	25.70929521225407	34.6812339585698	22.66657709450601	16.94289373467012
20-24	24.51966835703415	33.38563527002283	25.341914846499574	16.75278152644345
25-29	22.86705329890038	32.57378705539081	26.644012332622623	17.915147313086184
30-34	22.77159472481317	31.68944609646504	26.20592817568499	19.3330310030368
35-39	23.103229133668666	31.033456204258396	26.390372092700943	19.472942569371998
40-44	22.959439456902672	31.03797336566057	26.4481309455333	19.554456231903455
45-49	23.125580472129375	31.052158874674905	26.31819274315622	19.504067910039495
50-54	23.50819236843436	30.953356948729237	26.033322819078258	19.505127863758144
55-59	23.160466075828918	31.233645676602467	26.08555548999169	19.520332757576924
60-64	22.92299136306158	31.559045460342716	26.085032864470787	19.43293031212492
65-69	23.22830896920509	31.221197533809107	26.13643873419185	19.414054762793953
70-74	22.918752905745905	31.17228741042229	26.464617177726453	19.444342506105354
75-79	22.846582892358064	31.582775866200606	26.460403858522618	19.11023738291871
80-84	23.116260838938654	31.655647751720366	26.349690284720918	18.878401124620062
85-89	22.959108507552656	31.53663041302591	26.234212656062994	19.27004842335844
90-94	22.839027429091065	31.67490280915891	26.379471968622788	19.10659779312724
95-99	23.346116671922744	31.4465020298988	26.325282632231385	18.882098665947073
100-101	22.976369014747828	31.66338374678307	26.399417945503682	18.960829292965418
>>END_MODULE
>>Per base GC content	fail
#Base	%GC
1	44.68847834026099
2	52.617812432392654
3	61.114447576541686
4	47.13013544723653
5	74.72139688633327
6	73.656144757492
7	68.04435289099344
8	77.60885770643962
9	68.79545353630255
10-14	57.81702017178365
15-19	42.652188946924184
20-24	41.2724498834776
25-29	40.78220061198656
30-34	42.10462572784997
35-39	42.57617170304066
40-44	42.51389568880613
45-49	42.629648382168874
50-54	43.013320232192505
55-59	42.680798833405845
60-64	42.3559216751865
65-69	42.64236373199905
70-74	42.36309541185126
75-79	41.956820275276776
80-84	41.99466196355871
85-89	42.2291569309111
90-94	41.945625222218304
95-99	42.22821533786982
100-101	41.93719830771324
>>END_MODULE
>>Per sequence GC content	warn
#GC Content	Count
0	70.0
1	83.5
2	88.0
3	151.0
4	648.5
5	2637.0
6	6780.5
7	11698.5
8	15292.0
9	16553.5
10	15524.0
11	13167.0
12	10433.0
13	8168.5
14	6830.5
15	6062.0
16	5644.5
17	5408.0
18	5241.5
19	5319.5
20	5778.5
21	6470.0
22	7536.5
23	9168.0
24	11918.0
25	16111.0
26	21853.0
27	30310.0
28	42607.0
29	58503.0
30	80476.0
31	108205.0
32	137724.5
33	168867.5
34	204147.0
35	243330.5
36	282301.5
37	321636.0
38	361939.0
39	401672.0
40	442889.0
41	478919.0
42	501945.5
43	516727.5
44	526749.0
45	528947.5
46	520412.5
47	499108.0
48	464192.0
49	420539.5
50	379198.5
51	347397.5
52	317179.5
53	277493.5
54	233461.0
55	198877.5
56	174546.5
57	157561.5
58	146736.5
59	135304.0
60	121798.5
61	107816.5
62	95167.5
63	86611.5
64	81241.5
65	72082.5
66	57476.0
67	41406.0
68	33482.5
69	33903.5
70	31284.5
71	27040.0
72	21651.0
73	13733.5
74	7179.5
75	3982.0
76	2440.0
77	1222.5
78	503.0
79	206.0
80	106.5
81	67.5
82	48.0
83	47.0
84	50.5
85	45.5
86	37.5
87	26.0
88	21.5
89	18.0
90	15.5
91	13.5
92	12.5
93	14.5
94	12.0
95	10.0
96	11.5
97	10.0
98	9.5
99	4.5
100	0.0
>>END_MODULE
>>Per base N content	pass
#Base	N-Count
1	0.038131722109385556
2	0.04320356626814914
3	0.003994309502322969
4	1.4862546985387794E-4
5	9.289091865867371E-6
6	0.0
7	1.7649274545148005E-4
8	0.0
9	0.0018671074650393415
10-14	2.7867275597602114E-4
15-19	6.07506608027726E-4
20-24	2.7867275597602112E-5
25-29	4.272982258298991E-4
30-34	4.365873176957665E-4
35-39	0.0013264823184458605
40-44	6.46520793864369E-4
45-49	0.0014453826943289629
50-54	0.0022981213276155876
55-59	0.00536352164335182
60-64	3.901418583664296E-4
65-69	0.005279919816559014
70-74	0.016047835107472472
75-79	0.005709075860762087
80-84	7.617055330011244E-5
85-89	1.3562074124166362E-4
90-94	1.8578183731734741E-6
95-99	0.0
100-101	0.0
>>END_MODULE
>>Sequence Length Distribution	pass
#Length	Count
101	1.0765315E7
>>END_MODULE
>>Sequence Duplication Levels	fail
#Total Duplicate Percentage	77.88104978067982
#Duplication Level	Relative count
1	100.0
2	55.99842767295598
3	48.98388364779874
4	43.1564465408805
5	35.503144654088054
6	26.9437893081761
7	20.14937106918239
8	14.40055031446541
9	10.072720125786164
10++	37.87342767295598
>>END_MODULE
>>Overrepresented sequences	pass
>>END_MODULE
>>Kmer Content	fail
#Sequence	Count	Obs/Exp Overall	Obs/Exp Max	Max Obs/Exp Position
CTGGG	5705120	6.6884737	309.4055	3
AAAAA	16175675	6.2997313	8.702986	95-97
CCTGG	2982270	4.702288	218.44746	5
GGGGG	5524420	4.691403	133.47614	5
TGGGG	5378800	4.6886477	213.39397	4
GGGGA	4963285	3.6064005	86.14542	5
TTTTT	3713005	3.5931263	4.589742	95-97
CAGGG	3663395	3.5800452	128.22844	3
TGCCT	2163510	3.501606	223.73242	3
GCCTG	2189710	3.4526207	217.93854	4
GCTTC	1933755	3.1297514	161.84174	3
CCAGG	2041530	2.6832461	114.36879	5
TGCCA	1949630	2.6302865	116.840866	3
GCATC	1915245	2.5838974	138.47635	3
AGGGG	3213100	2.3346887	79.705795	4
GGGCA	2354435	2.3008666	47.083385	5
CTCTG	1393515	2.2553816	54.618908	7
GCCAG	1677925	2.2053487	113.91783	4
CTTCC	1012480	2.203915	73.02966	4
TCTGG	1810735	2.1790304	60.99947	2
CTTCT	1311325	2.178537	58.282368	4
CTGCC	1017410	2.1575367	86.71601	2
CTTCA	1554055	2.152105	44.072113	4
GCTGG	1833805	2.1498857	109.35579	2
TTGCC	1321025	2.1380577	75.274864	2
GGGGC	1865810	2.131	30.134184	5
TTCTC	1239505	2.0592206	45.085518	5
GTGCC	1297635	2.046043	96.64198	2
ATGCC	1504195	2.029341	104.1176	2
GGGAA	3254090	2.0231264	29.776657	6
GGGGT	2303385	2.0078385	47.139893	5
TCTCT	1204120	2.0004346	56.23628	6
CATCT	1403465	1.9435633	52.16807	4
CCCTG	906890	1.9231663	56.509987	7
CACTG	1384920	1.8684247	41.907238	7
TTCAA	2106175	1.8555825	5.5369406	5
TGGGC	1551835	1.8193142	60.795284	4
TTCCC	831895	1.8108269	48.687744	5
ACTGG	1787360	1.7929283	56.176826	2
TGCTG	1482050	1.7834922	30.810335	1
CATCC	965055	1.7510679	60.799725	4
TTTGC	1414300	1.7470129	15.294316	1
CATCA	1506560	1.739106	36.97683	4
TCCCT	794780	1.7300369	58.03113	6
CATGG	1701780	1.7070817	29.660093	5
TGCTT	1359740	1.6796175	25.250135	2
ATGGG	2248725	1.6772091	58.547527	3
TTCAC	1196720	1.6572562	35.27772	5
CCCAG	928445	1.6411978	31.700577	7
TTCCA	1182205	1.6371554	15.199615	5
GGCTT	1351535	1.6264313	34.976955	2
GCTGC	1023525	1.6138407	13.985496	1
TCACT	1160620	1.6072638	43.00644	6
CAAGG	1903680	1.5917958	14.72219	5
CAGCA	1409810	1.5854554	6.389752	1
GGAAA	2974430	1.5822895	8.574264	7
AGCTT	1534470	1.5799941	30.00345	2
TTGCA	1523880	1.5690901	11.8568	2
TGCAT	1522860	1.5680397	30.468239	3
CTGCA	1159450	1.5642385	8.325062	2
TCCCA	861575	1.563306	32.595123	6
TTGCT	1256185	1.5517014	5.16106	1
CTTGC	951595	1.5401412	22.169855	1
GGGAG	2111140	1.5339873	16.91085	6
TTCTG	1235155	1.5257242	14.697748	1
GCAGG	1547415	1.5122081	38.89086	2
TGCAA	1717505	1.4741362	15.058473	3
GCAAG	1759080	1.470886	14.637963	4
TCTGC	902445	1.4605927	22.451094	1
CCAAG	1297020	1.4586132	5.179086	7
TCCTG	901040	1.4583187	32.42717	1
CAGCT	1074585	1.4497453	7.8030334	1
GGAAG	2320315	1.4425818	10.246469	7
GGCAA	1722780	1.4405333	13.434884	6
TCTCA	1032375	1.429666	31.871845	6
GGCAG	1447525	1.4145908	10.463183	6
AGCTG	1406215	1.4105959	18.272095	1
AGCAG	1685510	1.409369	8.904146	1
GGCAT	1402380	1.4067491	29.6819	2
CCATG	1039075	1.4018381	22.711042	7
ATCTC	1009110	1.397448	41.37046	5
CACAG	1231670	1.3851212	23.162447	7
GGCTG	1173820	1.3761437	25.581282	1
TCCAA	1189280	1.3728521	5.372159	6
CTGCT	842470	1.3635242	6.4213314	1
TGGCT	1131640	1.3618106	7.678052	1
TGCAG	1355860	1.360084	13.78246	1
CTCAG	1005040	1.3559207	31.063047	7
GGGCT	1148775	1.3467818	12.826669	5
AAGCA	1864100	1.3336791	7.2242064	1
TCCAT	954560	1.3219053	23.314213	6
TCACA	1142580	1.3189437	23.8265	6
ATTGC	1275360	1.3131969	22.180748	1
GGGAT	1736860	1.2954353	19.897015	6
AACTG	1508730	1.2949446	9.50145	1
GCATG	1290255	1.2942747	29.520386	4
GGGAC	1323945	1.2938225	20.515934	6
AATGC	1504115	1.2909836	28.468937	1
ACTGC	954890	1.2882621	24.322596	1
CGCTG	816460	1.2873516	44.03434	1
CATGC	941385	1.2700423	27.361038	1
CCTGC	598770	1.2697619	13.835925	1
TTCAG	1224545	1.2608745	8.534749	1
CAATG	1456230	1.2498837	8.013726	7
CGTGC	787355	1.2414602	25.43701	1
AAGCT	1444775	1.2400519	9.04027	1
TCAGG	1214265	1.2180479	31.722178	2
TGTGC	1005170	1.2096171	21.340252	1
GGAGA	1934340	1.2026142	5.104993	7
TCCAG	890445	1.2013181	12.81057	1
GGGCC	779840	1.1979028	8.629659	7
ATGCA	1395200	1.1975015	15.293516	2
ATCAC	1026715	1.1851943	30.348106	5
GGGTG	1340095	1.1681478	11.115304	6
ATCCC	636755	1.1553757	40.59876	5
TCAAT	1302060	1.1471409	8.261738	6
ATCCA	992250	1.1454093	12.692908	5
GAGCT	1134135	1.1376684	6.1333833	1
CGCTT	701630	1.1355771	35.267845	2
GGTGC	968610	1.1355628	18.959337	1
CCGCA	642265	1.1353219	7.1282554	1
ACAGG	1343635	1.1235043	24.85678	2
GTTGC	930480	1.1197355	12.898192	1
CGCAG	851370	1.118982	11.687886	1
GATGC	1114315	1.1177865	19.659252	1
AGCAT	1283550	1.1016722	25.015	2
TCATG	1065840	1.0974611	9.686243	1
TGGCA	1093745	1.0971525	7.016606	1
GGAAC	1308255	1.0939208	6.1501193	7
ATCTG	1060450	1.0919111	12.16915	1
ACCTG	806645	1.0882617	22.811234	1
GGGTT	1216005	1.0880374	12.596345	6
GTGCA	1078095	1.0814538	12.5200815	2
AAGGG	1738585	1.0809097	10.891716	6
AGGGC	1102195	1.0771178	19.163124	4
GATGG	1435670	1.0707929	15.6854725	2
GGCAC	808540	1.0626893	12.657831	6
ATGCT	1024675	1.0550748	7.5131974	1
ATCAG	1216775	1.0443592	7.1643095	1
AGGCA	1245670	1.0415891	7.4779572	1
ACCAG	920960	1.0357004	10.180698	1
GGATG	1361550	1.0155108	7.389172	7
AGGGA	1616955	1.00529	6.4920506	4
GGACA	1199960	1.003368	6.2632594	7
GTGCT	833025	1.0024586	6.301902	1
GTCTG	832350	1.0016462	15.951889	1
TGGGA	1342240	1.0011083	19.049938	4
AGGCT	991470	0.9945589	9.493915	1
AATGG	1540415	0.98305404	6.778025	2
AGTGC	974085	0.9771196	24.177128	1
GGGTC	830785	0.973982	12.225317	6
ACATG	1127970	0.9681378	7.1472287	1
TCGCT	589335	0.9538293	9.086804	1
TGGGT	1046160	0.93606603	18.51592	4
GGAAT	1465340	0.935143	5.1321054	7
GACTG	930355	0.9332534	11.972195	1
TTCTA	855030	0.9037007	8.382621	5
TACTG	874780	0.9007327	17.686226	1
GGACG	919735	0.89880913	5.2640567	7
CGCAT	665995	0.89850795	29.370096	2
GGATC	880730	0.88347393	5.847556	7
TCGCA	635390	0.8572181	7.8560753	1
CGGCA	646390	0.8495705	10.914691	1
TCTCG	512050	0.8287447	7.0594983	5
CGATG	820035	0.8225897	6.991774	1
GGGCG	705925	0.8062591	9.440058	5
TATGC	771030	0.7939046	22.95341	1
TAGCA	908790	0.78001535	6.7297935	1
TATGG	1018250	0.7795634	14.439856	2
GGGTA	1042800	0.77777135	12.630826	6
GTCAG	775140	0.77755487	6.50196	1
TACAG	898425	0.77111906	8.261641	1
CGGCT	479625	0.75624776	12.089795	1
CTCGG	475615	0.74992484	12.947605	6
CTATG	710390	0.7314657	12.600919	7
CCGCT	343665	0.7287819	7.4676113	1
ACTCG	538875	0.7270076	5.183204	5
CACGG	548395	0.72077245	17.350494	6
TCTAT	680830	0.71958476	12.944201	6
GCGCA	536100	0.7046129	6.4369183	1
GCGCT	445765	0.70285904	8.443035	1
TCACG	510485	0.6887061	7.990719	5
ACGCA	612295	0.6885796	8.066066	1
CGGGG	560630	0.6403131	20.756968	8
ACGCT	472135	0.6369673	10.077281	1
AGGGT	853780	0.636791	5.3550487	4
TAGCT	609415	0.62749493	7.145359	1
ATCTA	678855	0.5980848	6.870437	5
ACGGG	609445	0.59557885	17.266598	7
ACACG	514000	0.5780382	8.1726465	5
CGGGC	373885	0.5743202	8.440414	8
TCGGG	444190	0.5207521	10.759552	7
TAGGG	412205	0.30744267	5.456875	7
>>END_MODULE
