##FastQC	0.10.1
>>Basic Statistics	pass
#Measure	Value	
Filename	Acer-021_S26_L001_R1_001.fastq.gz	
File type	Conventional base calls	
Encoding	Sanger / Illumina 1.9	
Total Sequences	11816133	
Filtered Sequences	0	
Sequence length	101	
%GC	45	
>>END_MODULE
>>Per base sequence quality	pass
#Base	Mean	Median	Lower Quartile	Upper Quartile	10th Percentile	90th Percentile
1	36.27076387850408	37.0	37.0	37.0	37.0	37.0
2	36.34604121331403	37.0	37.0	37.0	37.0	37.0
3	36.31667483769859	37.0	37.0	37.0	37.0	37.0
4	36.32956924232319	37.0	37.0	37.0	37.0	37.0
5	36.479244859549226	37.0	37.0	37.0	37.0	37.0
6	36.520119484098565	37.0	37.0	37.0	37.0	37.0
7	36.54030696844729	37.0	37.0	37.0	37.0	37.0
8	36.531572131085525	37.0	37.0	37.0	37.0	37.0
9	36.5413111886943	37.0	37.0	37.0	37.0	37.0
10-14	36.42165060261255	37.0	37.0	37.0	37.0	37.0
15-19	36.33558816577302	37.0	37.0	37.0	37.0	37.0
20-24	36.32039326233041	37.0	37.0	37.0	37.0	37.0
25-29	36.241299315097415	37.0	37.0	37.0	37.0	37.0
30-34	36.20960188921367	37.0	37.0	37.0	37.0	37.0
35-39	36.18204353319313	37.0	37.0	37.0	37.0	37.0
40-44	36.148110773634656	37.0	37.0	37.0	37.0	37.0
45-49	36.12007082181624	37.0	37.0	37.0	37.0	37.0
50-54	36.09989899402791	37.0	37.0	37.0	37.0	37.0
55-59	36.05406222154066	37.0	37.0	37.0	37.0	37.0
60-64	36.01076643263917	37.0	37.0	37.0	37.0	37.0
65-69	35.96643654908082	37.0	37.0	37.0	37.0	37.0
70-74	35.9066030316348	37.0	37.0	37.0	37.0	37.0
75-79	35.87023935834169	37.0	37.0	37.0	37.0	37.0
80-84	35.80896465874242	37.0	37.0	37.0	37.0	37.0
85-89	35.783061209619085	37.0	37.0	37.0	37.0	37.0
90-94	35.71738887840886	37.0	37.0	37.0	37.0	37.0
95-99	35.65458878975043	37.0	37.0	37.0	37.0	37.0
100-101	35.548722835127194	37.0	37.0	37.0	37.0	37.0
>>END_MODULE
>>Per sequence quality scores	pass
#Quality	Count
14	2.0
15	6.0
16	26.0
17	102.0
18	193.0
19	300.0
20	542.0
21	1329.0
22	2709.0
23	5796.0
24	11171.0
25	20029.0
26	31790.0
27	48001.0
28	66469.0
29	93994.0
30	123581.0
31	164574.0
32	209131.0
33	284138.0
34	408558.0
35	863050.0
36	7263999.0
37	2216643.0
>>END_MODULE
>>Per base sequence content	fail
#Base	G	A	T	C
1	21.025650968225122	29.572389603744043	25.85045336685573	23.551506061175104
2	29.948375963331042	26.244006525797076	21.26201986271916	22.54559764815272
3	19.97672924335849	11.981223607123006	27.01244311799702	41.02960403152148
4	26.94877322736741	17.16114063103254	35.68909133162595	20.200994809974098
5	47.4547891429455	12.96477451633288	12.454751482570483	27.12568485815114
6	47.468118376798905	6.3705782594017855	20.090464452287392	26.070838911511913
7	47.719101487790695	13.510604292732186	18.725357268563236	20.044936950913883
8	61.20000700736984	11.25034920482855	11.354114134313507	16.1955296534881
9	50.02585922140005	23.111923500374623	7.755540605832767	19.106676672392567
10-14	44.30866795157997	24.80394972893768	17.12993675917828	13.757445560304065
15-19	25.831052031289754	34.30824889570628	22.513539877999257	17.34715919500471
20-24	24.714615957769322	33.3325694058449	24.83031373503315	17.122500901352627
25-29	23.08650806130427	32.705857222675746	25.95530936745678	18.252325348563204
30-34	22.96648312417971	31.903183757149172	25.61730226108594	19.51303085758518
35-39	23.29842199500469	31.38270440120101	25.777688572708147	19.541185031086147
40-44	23.035736214114817	31.51645477554984	25.796272240823566	19.651536769511782
45-49	23.29249273753195	31.544417787081052	25.637545557466378	19.52554391792061
50-54	23.611239540456022	31.527654828367023	25.333707678426194	19.527397952750764
55-59	23.21979428551155	31.820869816678165	25.407797978428775	19.55153791938151
60-64	23.0369374364849	32.19085199771701	25.33798834267314	19.434222223124948
65-69	23.369193073496845	31.84131376475103	25.362935630623557	19.426557531128566
70-74	22.963348725350404	31.855254017036454	25.790257458736548	19.391139798876598
75-79	22.922250438279114	32.38181765892657	25.708368215022954	18.98756368777136
80-84	23.19520098379487	32.45956723296471	25.57197743171537	18.773254351525047
85-89	22.9979916240486	32.27406633774636	25.509583759615595	19.21835827858945
90-94	22.96865988221358	32.44069612283477	25.5964925242463	18.994151470705347
95-99	23.468852685880442	32.178104836465614	25.61091899711892	18.74212348053502
100-101	22.920683949647486	32.42379296170752	25.66447077059813	18.99105231804686
>>END_MODULE
>>Per base GC content	fail
#Base	%GC
1	44.577157029400226
2	52.49397361148377
3	61.00633327487998
4	47.14976803734151
5	74.58047400109665
6	73.53895728831083
7	67.76403843870457
8	77.39553666085794
9	69.1325358937926
10-14	58.06611351188403
15-19	43.178211226294465
20-24	41.83711685912195
25-29	41.33883340986747
30-34	42.47951398176489
35-39	42.839607026090846
40-44	42.68727298362659
45-49	42.81803665545256
50-54	43.13863749320679
55-59	42.771332204893056
60-64	42.471159659609846
65-69	42.79575060462542
70-74	42.354488524227
75-79	41.90981412605048
80-84	41.96845533531992
85-89	42.21634990263804
90-94	41.962811352918926
95-99	42.21097616641546
100-101	41.911736267694344
>>END_MODULE
>>Per sequence GC content	warn
#GC Content	Count
0	231.0
1	210.5
2	194.5
3	342.5
4	1710.5
5	7632.5
6	19436.0
7	32670.0
8	41548.5
9	43920.0
10	40902.5
11	33908.0
12	25870.0
13	19825.5
14	15839.5
15	13453.5
16	12087.0
17	11200.5
18	10666.5
19	10398.0
20	10422.5
21	10919.5
22	12180.5
23	14075.0
24	17277.0
25	21856.0
26	28301.5
27	38055.0
28	51565.0
29	69531.5
30	92773.0
31	121736.0
32	153854.0
33	187610.5
34	221799.5
35	257056.0
36	294304.5
37	333807.0
38	373283.5
39	410596.5
40	448580.0
41	478546.0
42	492070.5
43	494467.0
44	493690.5
45	491913.0
46	484925.0
47	468231.5
48	439160.5
49	402787.0
50	373701.5
51	358992.0
52	348774.0
53	322597.5
54	284385.0
55	257202.5
56	241344.5
57	230459.0
58	224354.0
59	211660.0
60	187245.0
61	161926.0
62	140374.0
63	124000.5
64	113170.0
65	97569.0
66	76113.0
67	57684.5
68	48580.0
69	46998.5
70	44097.0
71	39740.0
72	32194.5
73	19944.5
74	9061.0
75	3436.0
76	1449.5
77	628.5
78	287.5
79	183.0
80	126.5
81	78.5
82	68.5
83	62.5
84	44.5
85	35.5
86	34.5
87	24.0
88	19.0
89	19.0
90	18.5
91	24.5
92	21.0
93	20.5
94	21.5
95	13.5
96	12.5
97	12.0
98	9.5
99	6.5
100	2.0
>>END_MODULE
>>Per base N content	pass
#Base	N-Count
1	0.040004627571473675
2	0.04368603501670132
3	0.003766037501439769
4	5.9241039348490745E-5
5	0.0
6	0.0
7	1.861861236666852E-4
8	1.692601124242593E-5
9	0.0019634173041214076
10-14	2.623531742576019E-4
15-19	6.245698148455167E-4
20-24	2.3696415739396296E-5
25-29	4.65465309166713E-4
30-34	4.19765078812163E-4
35-39	0.0013777773151334705
40-44	6.77040449697037E-4
45-49	0.0015013371972031797
50-54	0.002518590472872978
55-59	0.005502646254912669
60-64	3.808352529545834E-4
65-69	0.00537908637284296
70-74	0.01619480755675313
75-79	0.006069667631533937
80-84	9.478566295758519E-5
85-89	1.5741190455456112E-4
90-94	0.0
95-99	1.6926011242425927E-6
100-101	0.0
>>END_MODULE
>>Sequence Length Distribution	pass
#Length	Count
101	1.1816133E7
>>END_MODULE
>>Sequence Duplication Levels	fail
#Total Duplicate Percentage	78.69384575434951
#Duplication Level	Relative count
1	100.0
2	48.840138127158234
3	41.98049969530774
4	39.051391427991064
5	34.6353849278895
6	28.90107657932155
7	23.2561446272598
8	17.747308551696122
9	14.013812715823684
10++	57.830591102985984
>>END_MODULE
>>Overrepresented sequences	pass
>>END_MODULE
>>Kmer Content	fail
#Sequence	Count	Obs/Exp Overall	Obs/Exp Max	Max Obs/Exp Position
AAAAA	34182715	11.309862	15.293792	95-97
CTGGG	6230175	6.714714	308.9393	3
CCTGG	3287475	4.7717533	219.25655	5
TGGGG	5868185	4.6961584	213.08871	4
GGGGG	6006725	4.55914	132.20903	5
TTTTT	3939305	3.896131	4.9593368	95-97
TGCCT	2436355	3.7286353	230.71075	3
GCCTG	2462150	3.573799	218.74693	4
CAGGG	4083585	3.5355442	125.19925	3
GGGGA	5373330	3.454378	82.19343	5
GCTTC	2219235	3.3963516	166.53293	3
TGCCA	2171655	2.6698542	117.2942	3
CCAGG	2266500	2.6427655	111.764015	5
GCATC	2132640	2.6218886	139.1563	3
CTTCT	1513535	2.4422803	61.195488	4
CTCTG	1556035	2.3813798	55.799965	7
CTGCC	1214870	2.3748364	87.1632	2
CTTCC	1097290	2.2616167	74.286064	4
GGGCA	2607975	2.2579696	43.858196	5
TCTGG	1982385	2.2527292	62.299572	2
AGGGG	3483585	2.2395084	77.49159	4
TTGCC	1457095	2.2299607	78.36858	2
GGGGC	2177810	2.2261453	29.508781	5
GCTGG	2036510	2.1948953	110.057755	2
GCCAG	1877870	2.1896186	111.35452	4
TCTCT	1349285	2.177242	58.96616	6
CTTCA	1678030	2.1751547	45.816372	4
GTGCC	1494580	2.1693757	97.67337	2
TTCTC	1317350	2.1257112	46.9047	5
ATGCC	1659665	2.0404086	103.63452	2
CCCTG	1018665	1.9912937	56.627518	7
CATCT	1525580	1.9775407	53.391357	4
GGGGT	2453505	1.9634774	46.299843	5
GGGAA	3498895	1.9051905	29.091602	6
TGGGC	1726060	1.8603009	59.63037	4
TTTGC	1544685	1.8507795	16.478193	1
TTCCC	897780	1.8504081	49.731083	5
TGCTG	1627560	1.8495156	31.909988	1
CACTG	1490480	1.8324109	42.35016	7
GCTGC	1241115	1.8014724	13.887578	1
TCCCT	867515	1.7880293	59.692455	6
CATCC	1073845	1.777979	60.685436	4
TGCTT	1483340	1.7772784	26.64358	2
GGCTT	1555395	1.7675093	35.788254	2
TTCAA	2157875	1.7591771	5.8406744	5
ACTGG	1859375	1.6973654	55.5015	2
CCCAG	1079835	1.6956986	30.403257	7
CATGG	1852670	1.6912446	30.179544	5
TTCAC	1288740	1.6705357	36.447247	5
AGCTT	1728920	1.6640908	30.698242	2
ATGGG	2444065	1.6566577	58.192566	3
CTTGC	1078610	1.6507212	23.019989	1
TGCAT	1706355	1.6423719	31.798725	3
CATCA	1576490	1.6416063	37.448967	4
TTCTG	1351315	1.6190913	15.064347	1
TCTGC	1051045	1.6085353	23.676685	1
TCACT	1236245	1.6024886	44.608803	6
TCCCA	967045	1.6011486	32.114143	6
TTGCA	1655465	1.5933901	12.334311	2
CTGCA	1291625	1.5879365	8.394819	2
TTGCT	1322940	1.5850935	5.380872	1
TTCCA	1212075	1.5711582	15.133861	5
CAAGG	2129895	1.5619025	14.570442	5
CAGCA	1578265	1.5587052	6.2655897	1
TCCTG	1012180	1.5490557	33.05242	1
GCAGG	1788815	1.5487454	37.980774	2
GGGAG	2380065	1.5300837	16.11602	6
GGGCT	1374340	1.4812266	13.36448	5
CAGCT	1195635	1.4699255	7.6492567	1
CTGCT	958925	1.4675536	6.609296	1
CGTGC	1004925	1.4586438	25.867208	1
TGGCT	1262800	1.4350122	7.844838	1
GGCTG	1327815	1.4310831	25.383432	1
CCTGC	731290	1.4295309	14.26814	1
GGAAA	3086470	1.4234775	9.0073595	7
GGCAG	1641440	1.4211493	9.590612	6
TGCAG	1556655	1.4210218	13.772717	1
TCTCA	1094670	1.4189713	32.149647	6
GGCAT	1552655	1.4173704	29.784029	2
AGCTG	1552425	1.4171604	18.5676	1
TGCAA	1824760	1.4108967	15.296241	3
GCAAG	1918625	1.4069732	14.47561	4
ATCTC	1084555	1.4058597	42.069794	5
CCATG	1142590	1.4047114	22.13143	7
GGAAG	2572025	1.4004984	9.552576	7
AGCAG	1904160	1.3963658	8.604202	1
GGCAA	1894705	1.3894323	12.696399	6
CCAAG	1400400	1.3830445	5.1282406	7
CGCTG	951740	1.381446	44.241425	1
GGCCC	739595	1.3712105	5.136771	8
GCATG	1468600	1.3406391	29.98604	4
TCCAT	1008220	1.3069103	23.342928	6
CTCAG	1062820	1.3066415	30.512625	7
CATGC	1061750	1.305326	27.394817	1
CACAG	1317025	1.3007028	22.747799	7
GGGAT	1893905	1.2837435	19.019543	6
GGGCC	932050	1.2831017	10.087949	7
ATTGC	1325050	1.2753646	22.8214	1
TCACA	1221310	1.2717557	23.999277	6
TGTGC	1107300	1.2583063	22.182549	1
GGGAC	1452670	1.2577132	18.7521	6
ACTGC	1021010	1.2552398	23.804716	1
TCCAA	1201025	1.2506329	5.4565625	6
GGGTG	1559140	1.2477399	11.05533	6
TTCAG	1271880	1.2241884	8.72359	1
GAGCT	1336490	1.2200401	6.0909777	1
CGCTT	788675	1.2070004	36.2129	2
AATGC	1559590	1.2058684	28.345018	1
AAGCA	1932275	1.2001783	6.884924	1
CAATG	1542285	1.1924884	8.254396	7
TCAGG	1303805	1.1902028	31.585426	2
ATGCA	1536955	1.1883671	15.372212	2
AAGCT	1525470	1.179487	9.014229	1
GGTGC	1089880	1.1746433	19.175165	1
TCCAG	940115	1.1557868	12.505084	1
CGCAG	990640	1.155098	11.417058	1
GATGC	1262675	1.1526567	19.313797	1
AACTG	1485770	1.1487912	9.533286	1
GGGTT	1356305	1.1444322	12.437206	6
ATCCC	690130	1.1426569	40.37463	5
GTGCA	1245820	1.1372703	13.007564	2
GTTGC	998515	1.1346859	13.454599	1
ATCAC	1088445	1.1334027	30.708364	5
AGGGC	1299695	1.1252682	18.38207	4
CCGCA	713950	1.121138	7.0820017	1
TGGCA	1202040	1.0973049	6.8336287	1
TCATG	1135330	1.0927585	9.744425	1
TCAAT	1334600	1.0880136	8.738388	6
AGCAT	1403700	1.0853349	24.727596	2
ACAGG	1478925	1.0845308	24.121733	2
AAGGG	1982245	1.0793562	10.761502	6
ACCTG	871290	1.0711726	22.38443	1
ATCCA	1028360	1.070836	12.609776	5
GGCAC	913030	1.0646038	11.612758	6
GTGCT	936735	1.0644807	6.368208	1
ATCTG	1102050	1.0607264	12.422425	1
GTCTG	933295	1.0605714	16.546309	1
ATGCT	1098420	1.0572326	7.7896533	1
GATGG	1555010	1.0540305	15.699139	2
AGGCA	1397150	1.0245633	7.323112	1
TGGGT	1199465	1.0120927	19.715717	4
AGGGA	1855535	1.010361	6.3248935	4
GGATG	1488890	1.0092125	7.1715283	7
GGAAC	1374470	1.0079315	5.691329	7
AGTGC	1102605	1.0065337	24.453863	1
TCGCT	652615	0.9987721	9.371279	1
ACCAG	1008400	0.99590266	10.239229	1
TGGGA	1467435	0.99466985	19.062714	4
GGGTC	910680	0.98150635	11.739085	6
ATCAG	1263800	0.9771648	7.1849613	1
AGGCT	1051260	0.95966256	9.24104	1
GGACA	1267040	0.9291506	5.45056	7
TTCTA	915020	0.92859524	8.968644	5
GGATC	1010660	0.9226	5.7424655	7
ACATG	1184160	0.9155876	7.1083984	1
AATGG	1593140	0.9146504	6.775855	2
CGCAT	737930	0.90721846	29.4442	2
TACTG	938370	0.90318394	18.061083	1
GACTG	976515	0.8914301	11.703841	1
CGATG	966075	0.8818997	6.9745374	1
CGGCA	748565	0.8728356	10.811453	1
GGGCG	844670	0.863417	9.278565	5
TCGCA	695795	0.85541725	7.7847214	1
TCTCG	557550	0.85328305	7.4947248	5
CGGCT	584480	0.8483698	12.312886	1
TATGC	830470	0.79932994	23.577332	1
CTCGG	544500	0.79033905	13.708415	6
GCGCT	543195	0.7884448	8.332124	1
TAGCA	1015695	0.7853311	6.661402	1
CCGCT	399535	0.78101385	7.558689	1
GTCAG	833120	0.7605293	6.465405	1
CACGG	642445	0.7490985	17.462679	6
TATGG	1048030	0.74900985	14.5782175	2
GGGTA	1100895	0.74621844	12.563983	6
TCTAT	723060	0.73378736	13.785595	6
GCGCA	627045	0.7311418	6.157355	1
CTATG	750640	0.72249323	13.072368	7
TACAG	932675	0.7211404	8.097719	1
CGGGG	676790	0.691811	21.374098	8
TCACG	561290	0.69005543	8.08715	5
ACTCG	558750	0.6869328	5.566921	5
AGGGT	1011255	0.68545777	5.7321925	4
ACGCA	653750	0.64564794	7.8897533	1
ACGCT	512180	0.62967914	9.97423	1
TAGCT	652170	0.62771565	7.2986245	1
CGGGC	454190	0.6252582	8.372783	8
ATCTA	732275	0.59697676	7.108993	5
ACACG	586410	0.5791425	8.2773075	5
ACGGG	659630	0.5711038	17.549967	7
TCGGG	525700	0.56658524	11.397245	7
TAGGG	463500	0.31417367	5.870095	7
>>END_MODULE
