##FastQC	0.10.1
>>Basic Statistics	pass
#Measure	Value	
Filename	Acer-095_S53_L001_R1_001.fastq.gz	
File type	Conventional base calls	
Encoding	Sanger / Illumina 1.9	
Total Sequences	11546185	
Filtered Sequences	0	
Sequence length	101	
%GC	45	
>>END_MODULE
>>Per base sequence quality	pass
#Base	Mean	Median	Lower Quartile	Upper Quartile	10th Percentile	90th Percentile
1	36.24283302233595	37.0	37.0	37.0	37.0	37.0
2	36.33556408458725	37.0	37.0	37.0	37.0	37.0
3	36.30442947172594	37.0	37.0	37.0	37.0	37.0
4	36.32225076940998	37.0	37.0	37.0	37.0	37.0
5	36.47767474711344	37.0	37.0	37.0	37.0	37.0
6	36.5194211767783	37.0	37.0	37.0	37.0	37.0
7	36.540332845870736	37.0	37.0	37.0	37.0	37.0
8	36.53120610833795	37.0	37.0	37.0	37.0	37.0
9	36.542331081651646	37.0	37.0	37.0	37.0	37.0
10-14	36.41629360693597	37.0	37.0	37.0	37.0	37.0
15-19	36.3259429153439	37.0	37.0	37.0	37.0	37.0
20-24	36.31040150491266	37.0	37.0	37.0	37.0	37.0
25-29	36.2318815608792	37.0	37.0	37.0	37.0	37.0
30-34	36.202366340050844	37.0	37.0	37.0	37.0	37.0
35-39	36.176910589948115	37.0	37.0	37.0	37.0	37.0
40-44	36.147830127440365	37.0	37.0	37.0	37.0	37.0
45-49	36.12191749915665	37.0	37.0	37.0	37.0	37.0
50-54	36.106252169006474	37.0	37.0	37.0	37.0	37.0
55-59	36.06257613228958	37.0	37.0	37.0	37.0	37.0
60-64	36.02434745329302	37.0	37.0	37.0	37.0	37.0
65-69	35.98249035503935	37.0	37.0	37.0	37.0	37.0
70-74	35.92227758346155	37.0	37.0	37.0	37.0	37.0
75-79	35.89240444354564	37.0	37.0	37.0	37.0	37.0
80-84	35.840597773203875	37.0	37.0	37.0	37.0	37.0
85-89	35.81300124673215	37.0	37.0	37.0	37.0	37.0
90-94	35.74975469386642	37.0	37.0	37.0	37.0	37.0
95-99	35.69108703870585	37.0	37.0	37.0	37.0	37.0
100-101	35.58323143098781	37.0	37.0	37.0	37.0	37.0
>>END_MODULE
>>Per sequence quality scores	pass
#Quality	Count
15	10.0
16	40.0
17	96.0
18	146.0
19	274.0
20	478.0
21	1076.0
22	2361.0
23	4922.0
24	9650.0
25	17941.0
26	28826.0
27	44555.0
28	63077.0
29	89705.0
30	118707.0
31	159369.0
32	202387.0
33	276266.0
34	398585.0
35	855628.0
36	7176254.0
37	2095832.0
>>END_MODULE
>>Per base sequence content	fail
#Base	G	A	T	C
1	21.03281005004732	29.559127326124273	25.85555807877833	23.55250454505008
2	29.856211508433994	26.276562478474098	21.251733011290643	22.615493001801266
3	20.059459134079265	11.837382516242997	27.104210252348377	40.99894809732936
4	26.99847750471866	16.962991300064083	35.747996934396554	20.290534260820703
5	47.48005510045093	12.86885668296498	12.481672517805665	27.169415698778426
6	47.48549412641492	6.261869180166436	20.19213272609091	26.060503967327737
7	47.73247103214151	13.35821722184841	18.75306757857743	20.15624416743265
8	60.8055180828575	11.275430912931926	11.358003648651364	16.561047355559204
9	49.633096930399496	23.26870036415319	7.748507812036499	19.349694893410817
10-14	44.1490114739374	24.810083444439634	17.13750500621428	13.903400075408687
15-19	25.862229521109164	34.60100202028153	22.418991269928267	17.117777188681046
20-24	24.85290980882926	33.364520556805395	24.965447450279058	16.817122184086287
25-29	23.1499392082096	32.637735267762494	26.19484999105415	18.017475532973755
30-34	23.007230228614326	31.913891605430305	25.668073740620194	19.410804425335172
35-39	23.26426973155526	31.272302897161154	25.734460014043265	19.728967357240325
40-44	22.9741394362442	31.293874533764875	25.86400041239879	19.867985617592137
45-49	23.098877503681877	31.34777680362739	25.805231027056642	19.74811466563409
50-54	23.47867209685314	31.232790467120942	25.56211686920159	19.72642056682433
55-59	23.126095983134658	31.4519854801452	25.677216456181895	19.74470208053825
60-64	22.98162757773761	31.807832749539493	25.640946982274304	19.56959269044859
65-69	23.26234309633578	31.546893291078575	25.640340730687456	19.55042288189819
70-74	22.951298453187093	31.616833864563183	25.902662392989374	19.529205289260357
75-79	22.804477579544255	32.03651757725281	25.888970438406638	19.270034404796295
80-84	23.127469410394983	32.012848373745726	25.748662509700615	19.111019706158675
85-89	22.977339203863085	31.892894906153206	25.750522047579793	19.379243842403913
90-94	22.827638739549037	32.12535222673117	25.83373296028082	19.213276073438976
95-99	23.29201723339787	31.975222984908	25.71139125174246	19.02136852995167
100-101	22.89983228226466	32.17764135946202	25.780727573653117	19.1417987846202
>>END_MODULE
>>Per base GC content	fail
#Base	%GC
1	44.5853145950974
2	52.47170451023526
3	61.05840723140863
4	47.289011765539364
5	74.64947079922936
6	73.54599809374265
7	67.88871519957415
8	77.36656543841671
9	68.9827918238103
10-14	58.05241154934608
15-19	42.98000670979021
20-24	41.67003199291555
25-29	41.16741474118336
30-34	42.4180346539495
35-39	42.99323708879558
40-44	42.842125053836334
45-49	42.84699216931597
50-54	43.20509266367747
55-59	42.87079806367291
60-64	42.5512202681862
65-69	42.81276597823397
70-74	42.48050374244745
75-79	42.07451198434055
80-84	42.23848911655366
85-89	42.356583046267
90-94	42.040914812988014
95-99	42.31338576334954
100-101	42.04163106688486
>>END_MODULE
>>Per sequence GC content	warn
#GC Content	Count
0	182.0
1	189.0
2	210.5
3	303.5
4	1244.0
5	5290.5
6	13520.0
7	23514.5
8	30925.5
9	33593.5
10	31910.5
11	26807.5
12	20832.5
13	16156.0
14	13205.0
15	11510.0
16	10325.0
17	9481.5
18	9187.0
19	9350.0
20	9529.0
21	10170.5
22	11560.0
23	13417.5
24	16259.0
25	20787.0
26	27379.0
27	36672.5
28	49539.5
29	66027.0
30	87752.5
31	115958.5
32	147907.0
33	181021.5
34	215114.0
35	251257.5
36	288425.5
37	325946.0
38	364629.5
39	401168.0
40	437955.5
41	471271.0
42	490553.5
43	500178.5
44	509193.5
45	513220.5
46	503963.5
47	480912.0
48	446748.5
49	407563.5
50	373231.0
51	347490.5
52	325471.0
53	299957.5
54	273682.0
55	254491.0
56	241564.5
57	233263.5
58	226986.5
59	213266.5
60	190251.5
61	165503.5
62	141371.0
63	119941.5
64	102490.0
65	84399.5
66	65293.0
67	48890.0
68	38988.5
69	34250.5
70	28899.0
71	23713.0
72	18446.0
73	11879.5
74	6120.0
75	2968.5
76	1658.0
77	896.5
78	347.0
79	129.5
80	86.5
81	66.0
82	56.5
83	59.5
84	49.5
85	36.0
86	30.5
87	22.5
88	23.5
89	25.0
90	22.0
91	18.5
92	17.0
93	19.0
94	18.5
95	15.0
96	12.5
97	11.0
98	13.0
99	11.5
100	3.5
>>END_MODULE
>>Per base N content	pass
#Base	N-Count
1	0.0390431991172842
2	0.042074503396576445
3	0.0038107825225388303
4	6.928695495525146E-5
5	0.0
6	0.0
7	2.2518260360456722E-4
8	8.660869369406432E-6
9	0.0019053912612694152
10-14	3.048626018031064E-4
15-19	6.183860729756192E-4
20-24	3.291130360374444E-5
25-29	4.6422259820018473E-4
30-34	4.2784694684867776E-4
35-39	0.0013112556225281337
40-44	6.876730279308707E-4
45-49	0.0014671512711774495
50-54	0.002239700818928503
55-59	0.005326434662184955
60-64	3.706852090105953E-4
65-69	0.0051740033612834024
70-74	0.01594639268295112
75-79	0.005574135526149979
80-84	6.755478108137017E-5
85-89	1.3164521441497775E-4
90-94	0.0
95-99	0.0
100-101	0.0
>>END_MODULE
>>Sequence Length Distribution	pass
#Length	Count
101	1.1546185E7
>>END_MODULE
>>Sequence Duplication Levels	fail
#Total Duplicate Percentage	71.87444042545572
#Duplication Level	Relative count
1	100.0
2	57.275418603170564
3	45.75189405997326
4	33.8797988158146
5	23.705990959444833
6	15.840071305787228
7	10.417329852931815
8	6.930031196281912
9	4.555293818042911
10++	19.973578659196537
>>END_MODULE
>>Overrepresented sequences	pass
>>END_MODULE
>>Kmer Content	fail
#Sequence	Count	Obs/Exp Overall	Obs/Exp Max	Max Obs/Exp Position
AAAAA	28269150	9.875477	14.007558	95-97
CTGGG	6189915	6.797731	310.82996	3
CCTGG	3302225	4.844491	219.03062	5
TGGGG	5716690	4.6996093	212.70477	4
GGGGG	5717915	4.494536	131.0127	5
TTTTT	3771530	3.709491	4.626463	85-89
TGCCT	2353275	3.6106393	228.696	3
GCCTG	2438405	3.5772343	218.49165	4
CAGGG	3891000	3.4740033	124.81886	3
GGGGA	5172600	3.4571304	83.24532	5
GCTTC	2212285	3.3943183	164.03835	3
CCAGG	2238585	2.6699605	110.5237	5
TGCCA	2128190	2.6546762	115.1434	3
GCATC	2124435	2.6499925	137.67747	3
CTTCT	1493785	2.3970082	60.09233	4
CTGCC	1195750	2.3433876	85.55808	2
CTTCC	1126155	2.3081918	73.01743	4
GGGCA	2572595	2.2968915	47.42052	5
GCTGG	2087655	2.2926517	109.98178	2
CTCTG	1462520	2.2439504	55.5168	7
AGGGG	3343525	2.2346597	77.10809	4
GCCAG	1868295	2.2283156	110.10118	4
CTTCA	1707470	2.227533	44.773594	4
GGGGC	2100300	2.2054172	30.146683	5
TTGCC	1419280	2.1776073	77.09659	2
TCTGG	1846205	2.1204555	62.04502	2
TCTCT	1306640	2.0967052	58.212513	6
ATGCC	1678165	2.093321	103.37629	2
TTCTC	1288880	2.0682065	46.516758	5
GTGCC	1383410	2.029516	96.39472	2
CCCTG	1022750	2.0043485	55.68068	7
GGGGT	2375940	1.9532264	46.00896	5
TGCTG	1698200	1.9504646	32.03554	1
TGGGC	1762105	1.9351343	62.980583	4
CACTG	1503430	1.8753589	42.33474	7
GCTGC	1263420	1.853486	13.717975	1
GGGAA	3257390	1.8511268	28.266396	6
TTCCC	893270	1.8308655	48.795803	5
CATCT	1403345	1.8307773	52.571915	4
TTTGC	1523555	1.8301105	16.200941	1
TTCAA	2174980	1.8060249	5.631793	5
CATCC	1080205	1.7999878	59.233753	4
TCCCT	870925	1.7850666	58.304283	6
TGCTT	1477665	1.7749867	26.375566	2
ACTGG	1890195	1.7650034	56.140503	2
GGCTT	1532810	1.7605063	35.662235	2
CATGG	1872235	1.748233	30.033487	5
AGCTT	1743060	1.7022415	30.67477	2
CATCA	1600635	1.6976693	37.235672	4
ATGGG	2386710	1.6683085	58.478294	3
TTCAC	1274965	1.6632951	35.80928	5
CTTGC	1083725	1.6627637	22.690016	1
TGCAT	1702040	1.6621822	31.4173	3
TTGCA	1693470	1.6538129	12.256357	2
CAAGG	2172600	1.6493332	14.670703	5
TTGCT	1354930	1.6275563	5.2590237	1
CTGCA	1299455	1.620923	8.470549	2
CCCAG	1011210	1.6111457	30.234505	7
TTCTG	1336370	1.6052619	15.211522	1
TCCTG	1044475	1.6025423	33.316372	1
TTCCA	1223335	1.5959396	15.153413	5
TCTGC	1038975	1.5941036	23.17855	1
TCACT	1213865	1.5835853	44.265713	6
CAGCT	1228940	1.5329638	7.771598	1
TCCCA	910300	1.5168685	31.80909	6
CAGCA	1490800	1.5118554	6.2415085	1
AGCTG	1618170	1.5109953	18.601906	1
CTGCT	982275	1.5071086	6.6004205	1
TGCAG	1585895	1.4808578	13.377075	1
GCAAG	1940705	1.4732897	14.58171	4
GGCTG	1341450	1.4731733	25.745235	1
GGAAA	3042410	1.4700897	7.792299	7
GGCAT	1572890	1.4687142	29.837822	2
GGGAG	2191445	1.4646621	16.027279	6
GCAGG	1634445	1.4592823	37.348522	2
GGGCT	1323720	1.4537023	13.09006	5
ATCTC	1102485	1.438281	41.635033	5
TGCAA	1808895	1.4361901	15.277429	3
CCTGC	732015	1.4345765	13.91737	1
GGCAA	1885285	1.4312176	13.515583	6
TCTCA	1095435	1.4290837	31.978819	6
CCATG	1144370	1.4274722	22.156471	7
GGCAG	1580180	1.4108329	10.362191	6
GGAAG	2463895	1.4001952	10.220562	7
TGGCT	1207050	1.3863553	7.868819	1
GCATG	1483365	1.3851186	29.866293	4
CGCTG	941400	1.3810701	42.84793	1
CATGC	1087115	1.3560531	27.39555	1
TCCAT	1026740	1.3394654	23.169205	6
CACAG	1315325	1.3339021	22.427816	7
CTCAG	1068925	1.3333629	30.602846	7
AGCAG	1747205	1.3263938	8.383544	1
GGGAT	1887835	1.3195953	20.186039	6
ATTGC	1346290	1.3147631	22.589462	1
ACTGC	1047990	1.3072491	23.86818	1
GGGAC	1457155	1.3009926	19.845388	6
GGGCC	924460	1.2967606	8.77366	8
CGCTT	830620	1.2744238	35.233395	2
TCCAA	1201140	1.2739558	5.230711	6
TTCAG	1303080	1.2725649	8.862107	1
AAGCA	1966340	1.2692493	7.021172	1
TCACA	1185765	1.2576488	23.490108	6
GAGCT	1346670	1.2574773	6.0900474	1
AAGCT	1575665	1.251015	9.015348	1
ATGCA	1564615	1.2422416	15.410591	2
CGTGC	845810	1.2408359	25.012785	1
TGTGC	1069070	1.2278786	21.68204	1
TCCAG	983470	1.2267675	12.483233	1
GATGC	1312810	1.2258599	19.268154	1
TCAGG	1301090	1.2149161	31.439352	2
GGAGC	1360315	1.2145307	5.2947426	8
AATGC	1524610	1.2104793	28.691574	1
GTTGC	1049030	1.2048616	13.453646	1
AACTG	1508905	1.1980101	9.643887	1
ATCCC	707680	1.1792349	39.733135	5
GGGTG	1434120	1.1789696	10.926588	6
TGGCA	1259840	1.1763982	6.9072213	1
GGTGC	1063135	1.1675291	19.297068	1
ATCAC	1095870	1.1623042	30.533066	5
AGCAT	1447755	1.1494594	24.775978	2
CAATG	1446065	1.1481177	8.032203	7
ACCTG	911155	1.1365628	22.714184	1
TCATG	1162605	1.1353794	9.716275	1
GTGCA	1209760	1.1296351	12.676772	2
AGGGC	1253295	1.1189799	19.355906	4
ACAGG	1465420	1.1124763	24.234163	2
ATCCA	1047000	1.1104716	12.25489	5
GGCAC	929825	1.1090024	12.698917	6
GGGTT	1282980	1.1030798	12.133939	6
GATGG	1564775	1.0937766	15.675542	2
ATGCT	1119540	1.093323	7.7974787	1
CGCAG	915170	1.0915233	11.299156	1
GTGCT	948165	1.0890133	6.37589	1
GGATG	1550700	1.0839381	7.762739	7
GTCTG	921620	1.058525	16.24773	1
TGGGA	1502205	1.0500401	19.876911	4
ATCTG	1071625	1.04653	12.170703	1
ACCAG	1017575	1.0319468	10.043512	1
TCGCT	670835	1.0292649	8.950746	1
AAGGG	1809785	1.0284742	10.9294195	6
CCGCA	643075	1.0246016	6.858017	1
TCAAT	1232670	1.0235647	8.430288	6
GGAAC	1346850	1.0224637	5.693407	7
AGTGC	1077855	1.0064664	24.428627	1
AGGCT	1075690	1.0044448	9.362366	1
AGGCA	1318300	1.0007899	7.440985	1
TGGGT	1161940	0.999012	19.557945	4
GGACA	1311320	0.99549097	6.014085	7
GGGTC	906415	0.99542016	11.876979	6
ATCAG	1242635	0.98660237	7.019516	1
ACATG	1232385	0.97846425	7.0649896	1
GACTG	1016540	0.94921243	11.816605	1
AATGG	1575455	0.93635887	6.881835	2
CGATG	999145	0.93296957	6.983363	1
GGATC	991760	0.9260737	6.043824	7
CGGCA	776295	0.9258871	10.731825	1
TTCTA	905605	0.92494863	8.627656	5
GGGCG	879125	0.9231241	9.743348	5
CGCAT	737135	0.9194926	29.285006	2
AGGGA	1613135	0.9167209	6.403493	4
TACTG	936300	0.91437405	17.869263	1
TCTCG	584255	0.89642495	7.2720203	5
TCGCA	705805	0.88041186	7.820033	1
CGGCT	590840	0.8667851	12.131489	1
GGACG	962095	0.85898775	5.021101	7
CCGCT	430380	0.8434431	7.3367968	1
CTCGG	562215	0.824791	13.143899	6
TATGC	839880	0.820212	23.341717	1
GCGCT	558680	0.8196051	8.259979	1
GTCAG	842470	0.78667146	6.3366046	1
GCGCA	653530	0.77946526	6.366268	1
CACGG	641905	0.76560014	16.963703	6
TATGG	1044180	0.763347	14.498094	2
GGGTA	1090725	0.762416	12.484658	6
TACAG	956995	0.75981563	8.145568	1
TAGCA	953760	0.7572472	6.5709453	1
CTATG	758495	0.7407328	12.8161745	7
TCTAT	717715	0.7330453	13.406288	6
TCACG	583585	0.7279563	7.870958	5
ACTCG	559090	0.6974016	5.2370214	5
CGGGC	485230	0.68064284	8.707671	8
ACGCA	670795	0.680269	7.817637	1
ACGCT	518165	0.64635223	9.908242	1
CGGGG	610280	0.64082366	20.25791	8
AGGGT	902055	0.6305358	5.532626	4
TAGCT	644025	0.62894344	7.3552265	1
ACACG	589945	0.59827715	8.010281	5
ATCTA	714600	0.59337807	6.967557	5
ACGGG	647065	0.57771933	17.008352	7
TCGGG	513990	0.564461	10.993394	7
TAGGG	433670	0.303135	5.4724617	7
>>END_MODULE
