##FastQC	0.10.1
>>Basic Statistics	pass
#Measure	Value	
Filename	Acer-096_S54_L001_R1_001.fastq.gz	
File type	Conventional base calls	
Encoding	Sanger / Illumina 1.9	
Total Sequences	11893894	
Filtered Sequences	0	
Sequence length	101	
%GC	41	
>>END_MODULE
>>Per base sequence quality	pass
#Base	Mean	Median	Lower Quartile	Upper Quartile	10th Percentile	90th Percentile
1	36.26161961759538	37.0	37.0	37.0	37.0	37.0
2	36.33843659612235	37.0	37.0	37.0	37.0	37.0
3	36.304972955030536	37.0	37.0	37.0	37.0	37.0
4	36.32234363279175	37.0	37.0	37.0	37.0	37.0
5	36.47181957397636	37.0	37.0	37.0	37.0	37.0
6	36.515990305613954	37.0	37.0	37.0	37.0	37.0
7	36.54027511931753	37.0	37.0	37.0	37.0	37.0
8	36.53695106077118	37.0	37.0	37.0	37.0	37.0
9	36.54203669546744	37.0	37.0	37.0	37.0	37.0
10-14	36.42356689911647	37.0	37.0	37.0	37.0	37.0
15-19	36.34520423672853	37.0	37.0	37.0	37.0	37.0
20-24	36.335089954559876	37.0	37.0	37.0	37.0	37.0
25-29	36.25049505233526	37.0	37.0	37.0	37.0	37.0
30-34	36.20904563299454	37.0	37.0	37.0	37.0	37.0
35-39	36.16711583271215	37.0	37.0	37.0	37.0	37.0
40-44	36.09081747323458	37.0	37.0	37.0	37.0	37.0
45-49	35.99962663195081	37.0	37.0	37.0	37.0	37.0
50-54	35.94539497325266	37.0	37.0	37.0	37.0	37.0
55-59	35.86433704554622	37.0	37.0	37.0	37.0	37.0
60-64	35.77433304853734	37.0	37.0	37.0	37.0	37.0
65-69	35.698322584680845	37.0	37.0	37.0	37.0	37.0
70-74	35.5992935702975	37.0	37.0	37.0	37.0	37.0
75-79	35.50980839412223	37.0	37.0	37.0	37.0	37.0
80-84	35.38098525176027	37.0	37.0	37.0	37.0	37.0
85-89	35.30916110400849	37.0	37.0	37.0	37.0	37.0
90-94	35.208481393898424	37.0	37.0	37.0	34.6	37.0
95-99	35.08517526724217	37.0	37.0	37.0	25.0	37.0
100-101	34.94948576134948	37.0	37.0	37.0	25.0	37.0
>>END_MODULE
>>Per sequence quality scores	pass
#Quality	Count
15	5.0
16	33.0
17	75.0
18	138.0
19	259.0
20	685.0
21	2078.0
22	5671.0
23	14253.0
24	24715.0
25	37152.0
26	50374.0
27	67780.0
28	87625.0
29	118250.0
30	151584.0
31	200415.0
32	251552.0
33	340353.0
34	480450.0
35	961571.0
36	7092490.0
37	2006386.0
>>END_MODULE
>>Per base sequence content	fail
#Base	G	A	T	C
1	20.400608683906093	30.963126546669272	25.60957967267596	23.02668509674868
2	29.363266059364197	27.070013842499325	21.422262342320458	22.144457755816024
3	19.984885808652116	13.36377527881294	26.028754631327576	40.62258428120737
4	25.925478138797274	18.11768053130522	35.74394022337036	20.21290110652715
5	47.689680099721755	13.48892969787691	12.799929106481024	26.021461095920312
6	47.69494330452247	7.044698733652746	20.10411392601952	25.156244035805265
7	47.9388246162792	14.010806744214182	17.99368229127124	20.05668634823538
8	58.009904746915076	12.601088642717736	12.295293055015714	17.09371355535147
9	47.89375166632573	24.47944846016158	8.32316617148784	19.303633702024847
10-14	42.247476298652856	26.53293088253823	17.99937981444846	13.22021300436045
15-19	23.548799894694845	36.99140560001667	23.011705596957935	16.448088908330554
20-24	22.557432922463633	36.81822613428048	24.551362176439397	16.072978766816487
25-29	21.25215989863396	36.3736497932561	25.49882858741091	16.87536172069904
30-34	21.170857760597876	35.96386528504257	25.102180977967446	17.763095976392098
35-39	21.26330901533566	35.69248145142272	25.181796437763776	17.862413095477837
40-44	21.011811869492718	35.78551636893519	25.214185677904982	17.98848608366711
45-49	21.26375536144014	35.71414878735226	25.0903526783785	17.931743172829105
50-54	21.57401719018584	35.81753167302183	24.74151443635731	17.866936700435012
55-59	21.28638899726968	36.05393330786006	24.69986088581528	17.959816809054978
60-64	21.10746459599464	36.372186235376056	24.68932016305567	17.831029005573637
65-69	21.304373416015416	36.23165579580916	24.657031970864857	17.80693881731057
70-74	20.969090553496102	36.38309729783829	24.870004434752538	17.77780771391307
75-79	20.885151190510044	36.63358466266148	24.859308418698685	17.621955728129794
80-84	21.061371320182474	36.73462074787576	24.857961039911217	17.346046892030547
85-89	21.116003058312906	36.64680496381087	24.68337450045098	17.553817477425234
90-94	21.029355062353844	36.83446481026315	24.719789835019547	17.41639029236346
95-99	21.380225853702747	36.71604270224705	24.641477383269095	17.262254060781103
100-101	21.165200396102403	36.83346261535541	24.694053099851065	17.30728388869112
>>END_MODULE
>>Per base GC content	fail
#Base	%GC
1	43.42729378065477
2	51.50772381518022
3	60.60747008985948
4	46.13837924532442
5	73.71114119564207
6	72.85118734032774
7	67.99551096451457
8	75.10361830226655
9	67.19738536835058
10-14	55.467689303013316
15-19	39.9968888030254
20-24	38.63041168928012
25-29	38.127521619333
30-34	38.93395373698997
35-39	39.1257221108135
40-44	39.00029795315982
45-49	39.19549853426925
50-54	39.440953890620854
55-59	39.24620580632466
60-64	38.938493601568275
65-69	39.11131223332598
70-74	38.74689826740917
75-79	38.507106918639835
80-84	38.407418212213024
85-89	38.66982053573814
90-94	38.4457453547173
95-99	38.64247991448385
100-101	38.472484284793524
>>END_MODULE
>>Per sequence GC content	fail
#GC Content	Count
0	1003.0
1	877.5
2	631.0
3	906.0
4	5353.5
5	22671.5
6	54942.5
7	88849.5
8	109257.0
9	112346.0
10	100245.5
11	78843.0
12	57218.0
13	41217.0
14	31419.0
15	25740.0
16	22415.0
17	20386.0
18	19421.0
19	18782.0
20	18659.0
21	19651.0
22	21623.0
23	24726.0
24	29304.0
25	35488.0
26	43584.0
27	54964.5
28	70172.0
29	89716.0
30	115362.0
31	148444.0
32	186085.0
33	223503.0
34	261309.0
35	300991.5
36	340097.5
37	378608.5
38	416788.0
39	453943.5
40	489194.5
41	514963.0
42	527642.5
43	531442.0
44	532562.5
45	529291.5
46	515322.0
47	486818.5
48	442960.0
49	392722.0
50	344326.0
51	305856.5
52	273504.5
53	236645.0
54	199449.0
55	171669.0
56	153960.5
57	142437.5
58	135585.5
59	125978.5
60	111701.5
61	97888.0
62	85553.5
63	76378.5
64	70283.0
65	60866.5
66	48138.0
67	37129.0
68	32198.5
69	33323.0
70	35150.5
71	35268.5
72	31103.5
73	21088.5
74	10542.0
75	4878.5
76	2664.0
77	1270.5
78	435.0
79	138.0
80	77.5
81	58.0
82	57.5
83	55.5
84	38.5
85	34.5
86	35.0
87	26.0
88	17.5
89	17.5
90	12.5
91	8.5
92	9.0
93	10.5
94	11.5
95	9.5
96	8.0
97	9.5
98	15.0
99	9.5
100	1.0
>>END_MODULE
>>Per base N content	pass
#Base	N-Count
1	0.038977983156735715
2	0.04325748993559216
3	0.0036657464746196666
4	1.261151310075573E-4
5	0.0
6	0.0
7	2.1019188501259552E-4
8	8.407675400503823E-6
9	0.0017740195095063062
10-14	2.875424986972307E-4
15-19	6.675694268000035E-4
20-24	1.3452280640806114E-5
25-29	4.102945595445865E-4
30-34	3.8843460350327654E-4
35-39	0.0012746035907163793
40-44	6.574802163193989E-4
45-49	0.001412489467284642
50-54	0.0022734354282962334
55-59	0.005401090677283655
60-64	3.531223668211605E-4
65-69	0.0052800201515164
70-74	0.016070430760523002
75-79	0.0057222638775829004
80-84	7.903214876473592E-5
85-89	1.3620434148816192E-4
90-94	0.0
95-99	0.0
100-101	0.0
>>END_MODULE
>>Sequence Length Distribution	pass
#Length	Count
101	1.1893894E7
>>END_MODULE
>>Sequence Duplication Levels	fail
#Total Duplicate Percentage	62.55073160311866
#Duplication Level	Relative count
1	100.0
2	50.030301950019606
3	30.805794208168454
4	18.726605112117216
5	10.919396812947845
6	6.639097833707652
7	3.8667664848549665
8	2.500207954558958
9	1.6885910187396767
10++	12.485591719843619
>>END_MODULE
>>Overrepresented sequences	pass
>>END_MODULE
>>Kmer Content	fail
#Sequence	Count	Obs/Exp Overall	Obs/Exp Max	Max Obs/Exp Position
AAAAA	79922610	14.761176	18.928337	95-97
CTGGG	5937490	8.76577	411.13693	3
TGGGG	5438990	5.983012	272.89517	4
CCTGG	3019255	5.982359	276.51517	5
GGGGG	5101555	5.628996	166.84659	5
TTTTT	4179505	4.5417123	5.5814533	80-84
GCCTG	2187535	4.3343863	275.75363	4
TGCCT	2142970	4.233134	274.8391	3
GCTTC	2063075	4.0753126	215.23856	3
CAGGG	3925800	4.06618	152.95789	3
GGGGA	5133060	3.9614053	98.67085	5
TTTTC	2142710	3.1345153	4.004895	90-94
CCAGG	2138725	2.9730272	129.82251	5
CTTCT	1426465	2.8091848	74.5014	4
GCATC	2010620	2.786424	158.7605	3
CTCTG	1401790	2.7690377	69.526886	7
TGCCA	1994985	2.7647562	128.88521	3
CTTCC	1039750	2.756515	93.86593	4
GCTGG	1846245	2.72569	142.34746	2
CTGCC	1017710	2.706339	110.640816	2
TCTCT	1368275	2.6945894	69.386444	6
TCTGG	1811345	2.666009	80.22657	2
GGGGC	1789685	2.650272	43.322117	5
GGGGT	2407355	2.648145	64.766594	5
TTGCC	1330925	2.629054	95.38631	2
AGGGG	3338170	2.576211	90.40593	4
GGGCA	2449755	2.5373545	58.24428	5
TTCTC	1286920	2.5343742	55.83203	5
TGGGC	1699965	2.5097306	89.62909	4
GTGCC	1222360	2.4219868	122.890045	2
GCCAG	1704715	2.3697126	129.33374	4
CCCTG	886675	2.357885	71.69136	7
CTTCA	1650180	2.2799318	50.14666	4
TGCTG	1506230	2.2169287	39.612537	1
TTTGC	1509920	2.215581	19.229143	1
TTCCC	833350	2.2093213	61.211544	5
ATGCC	1560900	2.1631784	112.74468	2
TCCCT	797550	2.1144106	71.52283	6
TGCTT	1435500	2.1063807	33.12216	2
GGCTT	1385040	2.0385563	46.49676	2
CACTG	1452720	2.0132568	47.937214	7
GCTGC	1007755	1.9967679	17.39569	1
ATGGG	2555140	1.9658979	71.67721	3
GGGAA	3628545	1.9586194	31.002405	6
TTGCT	1326890	1.947012	6.607948	1
ACTGG	1879690	1.9409661	64.64682	2
CATCT	1400655	1.9351815	57.14784	4
CATCC	1019105	1.8954906	66.89448	4
CATGG	1832985	1.8927386	35.651836	5
CTTGC	955445	1.8873464	28.026451	1
TTCTG	1259510	1.8481419	18.702814	1
TCCTG	922910	1.8230782	39.768776	1
TTCAC	1313875	1.8152839	39.017338	5
TCTGC	898370	1.7746028	28.291079	1
CTTGG	1190620	1.7524015	6.5306115	6
GGCTG	1184990	1.7494513	32.155167	1
GGGCT	1184880	1.7492889	20.893686	5
TTGCA	1674440	1.7237513	14.114138	2
TCACT	1244900	1.7199863	47.79166	6
CCCAG	917775	1.7122442	35.97095	7
TGCAT	1659905	1.7087883	35.39666	3
CTGCT	855790	1.690492	8.91389	1
GGCTC	848995	1.6822006	6.88027	6
TTCCA	1191085	1.645634	16.720951	5
TGGCT	1115735	1.6421827	10.166568	1
CGCTT	822530	1.6247915	45.853466	2
GGGCC	814410	1.618611	11.348443	5
CTGCA	1155860	1.6018522	9.976339	2
AGCTT	1553735	1.5994916	32.985264	2
GGGAG	2070020	1.5975243	17.601109	6
GGGTG	1447675	1.5924753	14.811651	6
TCCCA	855280	1.5907834	35.96316	6
TTCAA	2185075	1.5733161	5.779453	5
CGCTG	785915	1.5572135	53.998	1
CGTGC	785790	1.556966	32.150482	1
CCTGC	583350	1.5512699	18.239359	1
GCAGG	1464875	1.5172565	45.344234	2
GGGTT	1379090	1.512403	17.358212	6
CATCA	1558460	1.5106279	36.748177	4
GGCAT	1449225	1.4964685	33.84821	2
AGCTG	1447425	1.4946098	21.44982	1
ATCTC	1081355	1.4940282	43.717026	5
TGTGC	1012750	1.4906054	26.721264	1
TCTCA	1076660	1.4875416	33.98317	6
TCCAT	1069280	1.4773451	25.268436	6
CAGCT	1048050	1.4524435	8.795706	1
GGGAT	1877000	1.4441439	21.37392	6
GGGAC	1391965	1.4417393	20.849188	6
CCATG	1038855	1.4397006	25.364569	7
TGCAG	1385070	1.4302222	15.354736	1
CTCAG	1029765	1.427103	34.12007	7
GTTGC	962205	1.4162112	16.772587	1
GGCAG	1362300	1.4110137	11.522158	6
ATTGC	1366350	1.4065883	24.335445	1
CAAGG	1938785	1.4045355	16.351978	5
GGTTT	1281265	1.4008356	5.3203735	7
GCATG	1347010	1.3909212	35.37886	4
GGAAG	2563430	1.3836906	9.018339	7
ACTGC	993000	1.3761522	26.432856	1
CATGC	989940	1.3719114	30.016117	1
GTCTG	917660	1.3506482	20.376715	1
GGTGC	912910	1.3477678	24.68122	1
TGGGT	1222695	1.3408897	31.998158	4
GGGTC	900615	1.3296162	16.095453	6
TGCAA	1839555	1.3285843	16.24575	3
TCAGG	1274940	1.316502	36.564144	2
GGCAA	1796745	1.3016359	14.76947	6
GTGCT	877870	1.2920836	8.056243	1
TTCAG	1251715	1.2885773	9.605662	1
CAGCA	1320285	1.2836784	6.2137523	1
GCAAG	1766080	1.2794207	16.263891	4
TCCAG	921415	1.2769458	14.119138	1
GGAAA	3377570	1.2751654	9.222245	7
CCAAG	1275010	1.2396587	5.506515	7
AGGGC	1187615	1.2300824	24.985489	4
CACAG	1260950	1.2259885	23.070498	7
GGTTG	1103485	1.2101558	5.7126737	7
TCACA	1245285	1.2070649	23.046667	6
TCGCT	608175	1.2013637	11.460442	1
ATCCC	640815	1.191888	43.5179	5
ACCTG	856350	1.1867754	25.542929	1
TGGGA	1538275	1.1835325	26.563763	4
TCCAA	1187015	1.1505833	5.554591	6
GTGCA	1107780	1.1438926	15.11724	2
AACTG	1583045	1.1433247	9.976066	1
GGGCG	771325	1.142224	13.561188	5
TGGCA	1102990	1.1389464	7.857799	1
GAGCT	1102690	1.1386367	6.6985264	1
TCATG	1102980	1.1354622	10.531052	1
GATGG	1473920	1.1340185	19.304667	2
AGCAG	1560310	1.1303526	8.747764	1
GATGC	1089170	1.124676	20.451431	1
ATGCA	1539860	1.1121352	16.029793	2
GGCAC	799310	1.1111155	14.983908	6
ATCAC	1139310	1.1043423	29.329428	5
GGATT	1432170	1.0985355	5.7082925	7
AATGC	1515165	1.0942997	27.964743	1
ATCTG	1061680	1.0929458	14.131176	1
AAGCT	1506010	1.0876877	8.571045	1
CAATG	1482035	1.0703722	8.586034	7
CGCAG	766055	1.0648878	13.542271	1
ATGCT	1034185	1.0646411	8.569846	1
TCTCG	538480	1.063691	10.442038	5
GGTTC	710390	1.04558	5.0394707	7
CCGCA	560335	1.0453874	8.264871	1
ATCCA	1076410	1.043373	12.062335	5
ACAGG	1427965	1.0344765	25.453733	2
AGTGC	999520	1.0321035	26.746492	1
AAGGG	1910255	1.0311192	12.140857	6
AGGCT	993505	1.0258924	10.914112	1
TACTG	995190	1.0244977	19.863394	1
GGATG	1331255	1.0242536	7.2470293	7
CGGCT	510915	1.012328	16.024271	1
GACTG	960190	0.9914914	13.321372	1
AGCAT	1351060	0.9757779	23.71372	2
CTCGG	491580	0.9740177	20.339077	6
TTCTA	944650	0.9695032	9.689749	5
AGGGA	1795115	0.9689689	8.165987	4
AAGCA	1907670	0.9666092	6.03508	1
ACCAG	990175	0.9627211	10.403917	1
TCAAT	1322425	0.9521836	8.589876	6
GGGTA	1222925	0.9409056	14.49928	6
GGATC	904060	0.9335316	6.024447	7
GGAAC	1287105	0.9324317	5.515978	7
CGCAT	668325	0.9262003	33.206276	2
CCGCT	346785	0.92218584	9.964464	1
TTGGG	840735	0.92200655	7.024764	7
GGACA	1243220	0.90063965	5.6076765	7
GCGCT	452575	0.89673305	10.910776	1
ACATG	1216145	0.8783381	7.2438474	1
TATGC	850415	0.8754593	24.41989	1
CACGG	628760	0.87403506	23.566654	6
AATGG	1618945	0.8712102	7.6691465	2
CGGGC	436670	0.867866	14.155387	8
AGGCA	1185165	0.8585822	7.425297	1
CGGGG	579255	0.8577952	33.284725	8
CGGCA	616290	0.8567005	12.503879	1
ATCAG	1180815	0.85282165	7.1190505	1
TATGG	1106585	0.848798	17.044468	2
TCACG	608650	0.8434996	10.451736	5
CGATG	803600	0.8297966	8.260262	1
TCGCA	598695	0.82970333	8.812522	1
GTCAG	778730	0.80411595	7.3139987	1
TCGGG	534045	0.78843343	17.142233	7
CTATG	765265	0.7878016	14.99321	7
ACGCT	563610	0.7810808	11.54016	1
TCTAT	755540	0.77541786	14.955938	6
AGGGT	998945	0.7685778	9.094507	4
ACGGG	737350	0.76371646	24.395046	7
GCGCA	547630	0.7612567	7.245125	1
ACTCG	523880	0.72602075	6.862081	5
ACACG	711495	0.6917679	9.110266	5
TAGCA	953480	0.6886332	6.1907835	1
TAGCT	647875	0.6669545	7.816343	1
TACAG	918775	0.66356814	8.19455	1
TACAC	627315	0.6080615	5.0157094	4
ACGCA	619315	0.6021437	7.8914227	1
ATCTA	785720	0.5657407	7.0030165	5
TAGGG	486590	0.37437725	7.6160603	7
CTAGG	357320	0.36896834	6.1446357	6
>>END_MODULE
