##FastQC	0.10.1
>>Basic Statistics	pass
#Measure	Value	
Filename	Acer-043_S34_L001_R1_001.fastq.gz	
File type	Conventional base calls	
Encoding	Sanger / Illumina 1.9	
Total Sequences	13173395	
Filtered Sequences	0	
Sequence length	101	
%GC	44	
>>END_MODULE
>>Per base sequence quality	pass
#Base	Mean	Median	Lower Quartile	Upper Quartile	10th Percentile	90th Percentile
1	36.301122375818835	37.0	37.0	37.0	37.0	37.0
2	36.36677424460437	37.0	37.0	37.0	37.0	37.0
3	36.332723493070695	37.0	37.0	37.0	37.0	37.0
4	36.35585655785771	37.0	37.0	37.0	37.0	37.0
5	36.4970027088689	37.0	37.0	37.0	37.0	37.0
6	36.536781368811916	37.0	37.0	37.0	37.0	37.0
7	36.56043100506741	37.0	37.0	37.0	37.0	37.0
8	36.544896209367444	37.0	37.0	37.0	37.0	37.0
9	36.55589732183693	37.0	37.0	37.0	37.0	37.0
10-14	36.44010794483883	37.0	37.0	37.0	37.0	37.0
15-19	36.34989882258901	37.0	37.0	37.0	37.0	37.0
20-24	36.333634875444034	37.0	37.0	37.0	37.0	37.0
25-29	36.254012667197784	37.0	37.0	37.0	37.0	37.0
30-34	36.22487621452177	37.0	37.0	37.0	37.0	37.0
35-39	36.200003233790525	37.0	37.0	37.0	37.0	37.0
40-44	36.16736101817337	37.0	37.0	37.0	37.0	37.0
45-49	36.142947934074705	37.0	37.0	37.0	37.0	37.0
50-54	36.12430945857161	37.0	37.0	37.0	37.0	37.0
55-59	36.08255026134113	37.0	37.0	37.0	37.0	37.0
60-64	36.04649698881723	37.0	37.0	37.0	37.0	37.0
65-69	36.00376779106677	37.0	37.0	37.0	37.0	37.0
70-74	35.950260430208004	37.0	37.0	37.0	37.0	37.0
75-79	35.92090145327002	37.0	37.0	37.0	37.0	37.0
80-84	35.875943900566256	37.0	37.0	37.0	37.0	37.0
85-89	35.84647884618961	37.0	37.0	37.0	37.0	37.0
90-94	35.78384320822385	37.0	37.0	37.0	37.0	37.0
95-99	35.72878573822466	37.0	37.0	37.0	37.0	37.0
100-101	35.634611047493834	37.0	37.0	37.0	37.0	37.0
>>END_MODULE
>>Per sequence quality scores	pass
#Quality	Count
15	9.0
16	28.0
17	94.0
18	187.0
19	321.0
20	518.0
21	1210.0
22	2631.0
23	5635.0
24	11119.0
25	20900.0
26	33384.0
27	51344.0
28	71694.0
29	100706.0
30	131275.0
31	174981.0
32	220243.0
33	299095.0
34	431228.0
35	926715.0
36	8189242.0
37	2500836.0
>>END_MODULE
>>Per base sequence content	fail
#Base	G	A	T	C
1	21.1415752590347	29.50064246073092	25.927512811244124	23.430269468990257
2	29.80948925154181	26.265494785100707	21.236179013181996	22.68883695017549
3	19.97941230949554	11.779924268878881	27.222764580670038	41.01789884095554
4	27.142416969493254	16.97343301617102	35.67869174967307	20.205458264662656
5	47.43118231860504	12.806607560161979	12.43641445504367	27.325795666189318
6	47.4339910099105	6.271640681843974	20.11252983760071	26.181838470644813
7	47.694031917898556	13.381323111087596	18.870651157286282	20.053993813727566
8	61.08563846620814	11.271706730636023	11.23299991627061	16.409654886885235
9	49.71516668421499	23.320266089876956	7.819045158774942	19.145522067133104
10-14	44.05933325415334	25.181633595811014	17.209543799504353	13.549489350531294
15-19	25.516144155215947	35.087061135799	22.672813906048887	16.72398080293617
20-24	24.305571370263415	33.97335531947157	25.32409726054442	16.396976049720593
25-29	22.696407908482307	33.14238200136834	26.604258394864683	17.55695169528467
30-34	22.61618086225665	32.28095076874961	26.174046976696875	18.928821392296864
35-39	22.96859980892142	31.62164947501974	26.303521921202073	19.106228794856765
40-44	22.69852616500289	31.71172121222353	26.38160606360754	19.208146559166043
45-49	22.96208001438557	31.712580234483934	26.166886451259852	19.15845329987065
50-54	23.32248929756616	31.64608509427834	25.89504970986888	19.136375898286616
55-59	22.984182254870955	31.87991291669406	25.994728177437626	19.14117665099736
60-64	22.785279659219793	32.23864319009218	26.01470338533247	18.961373765355553
65-69	22.993480040803817	31.87418563519199	26.020920951163674	19.111413372840527
70-74	22.688412281027155	31.91299454298081	26.36706356476268	19.03152961122935
75-79	22.556907987622928	32.329436977083695	26.37522050671367	18.7384345285797
80-84	22.768168959334766	32.45549063577067	26.230039944478357	18.546300460416205
85-89	22.689077505692616	32.325839096245005	26.129607964719387	18.855475433342992
90-94	22.56205211431149	32.49834431440558	26.2454079035117	18.694195667771226
95-99	22.991382251879642	32.24112235304567	26.238284056615623	18.529211338459067
100-101	22.60290532546849	32.2804371993704	26.403994566320982	18.712662908840127
>>END_MODULE
>>Per base GC content	fail
#Base	%GC
1	44.571844728024956
2	52.49832620171729
3	60.997311150451075
4	47.34787523415591
5	74.75697798479435
6	73.61582948055532
7	67.74802573162611
8	77.49529335309336
9	68.86068875134809
10-14	57.608822604684626
15-19	42.240124958152116
20-24	40.702547419984
25-29	40.25335960376698
30-34	41.545002254553516
35-39	42.07482860377819
40-44	41.90667272416893
45-49	42.12053331425622
50-54	42.45886519585278
55-59	42.12535890586832
60-64	41.74665342457534
65-69	42.10489341364434
70-74	41.71994189225651
75-79	41.29534251620263
80-84	41.31446941975097
85-89	41.54455293903561
90-94	41.25624778208272
95-99	41.52059359033871
100-101	41.31556823430862
>>END_MODULE
>>Per sequence GC content	warn
#GC Content	Count
0	111.0
1	120.0
2	144.5
3	266.0
4	1140.0
5	4755.5
6	12399.0
7	21705.5
8	28618.0
9	30958.0
10	29247.0
11	24647.0
12	19372.5
13	15237.5
14	12385.0
15	10836.5
16	9907.5
17	9348.5
18	9196.0
19	9407.0
20	9849.0
21	10663.0
22	12181.0
23	14482.5
24	18043.0
25	23139.0
26	30669.5
27	42182.5
28	57612.5
29	77337.0
30	103697.5
31	137557.0
32	176511.5
33	217256.5
34	260652.0
35	307399.0
36	355332.5
37	406140.0
38	456558.0
39	503451.0
40	552601.0
41	593813.0
42	617009.0
43	628264.5
44	632929.5
45	629514.5
46	616580.0
47	591964.0
48	547505.0
49	491233.5
50	443104.5
51	409500.0
52	380274.0
53	337890.5
54	284974.0
55	243918.0
56	216369.0
57	195312.0
58	180161.0
59	165672.0
60	148885.5
61	130606.0
62	112333.0
63	96751.5
64	86069.5
65	73583.0
66	58658.0
67	45398.0
68	37667.5
69	36060.5
70	34191.0
71	30872.5
72	24650.0
73	15583.0
74	7277.5
75	2757.5
76	1160.5
77	589.5
78	315.5
79	212.0
80	161.5
81	106.0
82	76.5
83	54.5
84	47.0
85	47.0
86	31.0
87	22.5
88	25.0
89	20.5
90	15.0
91	18.5
92	17.0
93	10.5
94	12.0
95	14.0
96	15.0
97	13.5
98	10.0
99	6.0
100	1.0
>>END_MODULE
>>Per base N content	pass
#Base	N-Count
1	0.040042828746879595
2	0.04356507946508854
3	0.003605752351614751
4	1.0627480615285581E-4
5	0.0
6	0.0
7	2.5809595779979267E-4
8	3.0364230329387378E-5
9	0.0019129465107514045
10-14	2.550595347668539E-4
15-19	6.740859133123997E-4
20-24	2.8846018812918008E-5
25-29	4.2358101309495385E-4
30-34	4.175081670290764E-4
35-39	0.0013345079229765751
40-44	6.725677017959304E-4
45-49	0.0014711469594588184
50-54	0.002403328830571011
55-59	0.005473152516872074
60-64	3.6285255243617915E-4
65-69	0.005353213807070994
70-74	0.01623271753409049
75-79	0.005922543125747007
80-84	7.439236430699907E-5
85-89	1.4726651709752876E-4
90-94	1.5182115164693689E-6
95-99	0.0
100-101	0.0
>>END_MODULE
>>Sequence Length Distribution	pass
#Length	Count
101	1.3173395E7
>>END_MODULE
>>Sequence Duplication Levels	fail
#Total Duplicate Percentage	79.12403084033431
#Duplication Level	Relative count
1	100.0
2	52.862551985268254
3	45.436676253336366
4	41.857193105874074
5	36.417620160973286
6	29.504872649024435
7	22.803169808197637
8	17.880863214086197
9	13.244087645610477
10++	53.80604580910803
>>END_MODULE
>>Overrepresented sequences	pass
>>END_MODULE
>>Kmer Content	fail
#Sequence	Count	Obs/Exp Overall	Obs/Exp Max	Max Obs/Exp Position
AAAAA	27364600	7.898999	10.884914	95-97
CTGGG	6957325	6.9615483	322.8149	3
CCTGG	3648910	4.9521604	232.28311	5
TGGGG	6491650	4.789065	217.77559	4
GGGGG	6551605	4.731986	137.5818	5
TTTTT	4651580	3.7350419	4.7401543	80-84
CAGGG	4497805	3.6677673	130.84874	3
GCCTG	2688045	3.6481118	231.72626	4
TGCCT	2623800	3.6371572	236.71788	3
GGGGA	5999425	3.6069722	85.33829	5
GCTTC	2336320	3.2386477	167.89389	3
CCAGG	2471415	2.733473	118.886894	5
TGCCA	2368905	2.6761878	120.919426	3
GCATC	2305390	2.604434	141.51982	3
GGGCA	2905830	2.3695798	49.45814	5
AGGGG	3850750	2.3151467	79.966194	4
CTCTG	1649215	2.2861705	56.4501	7
CTGCC	1226080	2.256931	92.512245	2
CTTCC	1196365	2.249381	76.34238	4
CTTCT	1587405	2.2475996	59.659832	4
GCCAG	2029430	2.244622	118.47525	4
TTGCC	1604440	2.2241027	79.85027	2
CTTCA	1895290	2.186978	44.950127	4
GCTGG	2181075	2.182399	113.07527	2
GGGGC	2213230	2.1681547	31.122381	5
TCTCT	1520055	2.152239	57.748615	6
TCTGG	2084165	2.130078	63.172123	2
TTCTC	1471955	2.0841346	46.11722	5
GTGCC	1525640	2.07054	103.14763	2
ATGCC	1803285	2.0371983	107.63174	2
GGGGT	2748055	2.0273142	48.777294	5
CCCTG	1086270	1.9995732	60.142174	7
GGGAA	3836590	1.9200654	28.439219	6
CACTG	1692595	1.9121501	43.543613	7
TGGGC	1910180	1.9113396	64.35203	4
CATCT	1633660	1.885083	52.562317	4
TTTGC	1757805	1.8349909	16.039984	1
TTCCC	974595	1.8324136	51.276783	5
TGCTG	1782385	1.8216501	32.17645	1
TTCAA	2542925	1.8008264	5.3916917	5
ACTGG	2122485	1.7678509	57.519566	2
TCCCT	938290	1.7641536	61.46534	6
CATCC	1142240	1.7502265	62.249603	4
CCCAG	1163960	1.7461243	32.673805	7
TGCTT	1650370	1.7228386	26.126497	2
GCTGC	1260505	1.710709	14.476086	1
TTCAC	1477980	1.7054435	36.094124	5
CATGG	2044755	1.7031084	30.949398	5
CATCA	1797660	1.6904951	37.388798	4
ATGGG	2716490	1.6681733	58.281326	3
TCACT	1438940	1.6603953	44.439484	6
TCCCA	1068170	1.6367308	33.483307	6
GGCTT	1591565	1.6266261	35.764492	2
TTGCA	1911180	1.6259322	12.09445	2
TGCAT	1900140	1.6165401	31.584253	3
CTTGC	1157495	1.6045396	23.248133	1
TTCCA	1389785	1.6036751	15.091495	5
GGGAG	2649330	1.5928292	16.802685	6
TTGCT	1521060	1.5878505	5.2882247	1
CTGCA	1403750	1.5858376	8.525384	2
AGCTT	1860290	1.5826377	30.009724	2
CAAGG	2315785	1.5719432	14.700536	5
TTCTG	1468375	1.532852	15.095532	1
CAGCA	1654120	1.5229077	6.3897395	1
TCTGC	1089035	1.5096393	23.828108	1
TCCTG	1086520	1.5061529	33.91578	1
GCAGG	1845230	1.504706	39.5687	2
GGAAA	3552650	1.4799957	7.8795843	7
ATCTC	1277520	1.4741324	41.565407	5
TGCAA	2110015	1.4629315	14.9841385	3
GGAAG	2888320	1.4454927	9.90675	7
GCAAG	2121840	1.4402943	14.625186	4
TCTCA	1246255	1.4380556	31.908613	6
GGCAA	2115055	1.4356885	14.042628	6
CAGCT	1267495	1.4319082	7.8630147	1
CTGCT	1030420	1.4283861	6.9893093	1
GGCAG	1747960	1.4253864	10.824982	6
AGCTG	1696830	1.4133162	18.65991	1
GGCTG	1407915	1.4087696	26.668694	1
CCAAG	1521640	1.4009366	5.099084	7
TGCAG	1672255	1.3928474	13.931159	1
GGCAT	1671295	1.3920476	29.740362	2
AGCAG	2041320	1.3856378	8.851083	1
CACAG	1490180	1.3719721	23.124033	7
CCATG	1206240	1.3627076	22.513643	7
GGGCT	1351890	1.3527106	12.715864	5
CGCTG	995375	1.3508848	44.58959	1
GGGAC	1649215	1.344864	20.334608	6
CTCAG	1189525	1.3438244	31.242525	7
CCTGC	727560	1.3392705	14.953679	1
TGGCT	1303840	1.3325629	7.9141445	1
TCCAT	1154380	1.3320409	23.012993	6
ACTGC	1169115	1.3207669	24.981247	1
TCACA	1403605	1.3199311	23.661976	6
ATTGC	1548055	1.3170043	22.571339	1
GCATG	1578815	1.3150197	30.792858	4
GGGAT	2127395	1.306415	19.99081	6
CATGC	1140820	1.2888017	28.328785	1
TCCAA	1357600	1.2766687	5.269365	6
CGTGC	940585	1.2765259	27.086668	1
AAGCA	2258420	1.2760884	6.9026036	1
TTCAG	1489780	1.2674271	8.524436	1
AACTG	1816730	1.259589	9.569251	1
AATGC	1801430	1.248981	28.681501	1
GGAGG	2064620	1.2412901	5.0063705	7
CAATG	1774990	1.2306494	7.970391	7
TGTGC	1202745	1.2292408	22.336597	1
GGGCC	922545	1.225799	9.448099	7
AAGCT	1752025	1.214727	8.799631	1
GGGTG	1644895	1.2134832	11.335518	6
TCAGG	1452230	1.2095851	31.954506	2
ATCAC	1278205	1.2020067	30.581955	5
ATGCA	1731435	1.2004515	15.5314	2
CGCTT	857005	1.1879953	36.513554	2
GAGCT	1418130	1.1811826	6.2839794	1
ATCCC	764510	1.17144	42.066574	5
GTTGC	1141460	1.1666057	13.8132925	1
TCCAG	1029410	1.16294	12.754642	1
GATGC	1336625	1.1132958	20.039684	1
AGGGC	1364355	1.1125731	19.740782	4
ATCCA	1180775	1.1103848	12.248836	5
GTGCA	1333020	1.1102931	13.00358	2
TCAAT	1561090	1.105519	8.191862	6
GGGTT	1465920	1.1046017	12.782327	6
ACCTG	977580	1.1043869	23.64223	1
GGTGC	1101285	1.1019534	20.235125	1
AAGGG	2198040	1.1000342	10.785366	6
TCATG	1284445	1.0927387	9.811937	1
GGCAC	986535	1.0911428	13.385321	6
ACAGG	1595500	1.0830173	24.974339	2
TGGCA	1291345	1.0755814	6.8576393	1
CGCAG	955950	1.0573149	11.7400255	1
CCGCA	704445	1.056779	7.448755	1
AGCAT	1522080	1.0552999	24.509613	2
GTCTG	1020475	1.0429556	16.615538	1
ACCAG	1129255	1.0396773	10.431197	1
AGGCA	1528225	1.0373515	7.403742	1
ATGCT	1218320	1.036483	7.685784	1
GTGCT	1012670	1.0349785	6.313854	1
GATGG	1683760	1.0339826	15.672795	2
AGGGA	2059490	1.0306953	6.4971814	4
TCGCT	743020	1.0299872	9.367074	1
ATCTG	1204555	1.0247725	12.261	1
GGAAC	1503960	1.0208803	5.6885533	7
GGGTC	1010790	1.0114034	12.429694	6
TGGGA	1637150	1.0053599	20.090254	4
AGTGC	1201505	1.0007523	25.025957	1
ATCAG	1429210	0.9909106	7.072953	1
GGACA	1451645	0.9853692	6.1444936	7
GGATG	1603645	0.98478466	7.4749618	7
AGGCT	1161915	0.96777713	9.661255	1
TGGGT	1267085	0.95477545	19.5449	4
AATGG	1857900	0.94971395	6.5668716	2
GGAAT	1833050	0.9370111	5.0387235	7
TACTG	1095205	0.93174326	17.838799	1
CGCAT	821975	0.9285977	30.489458	2
GGATC	1114830	0.92855924	5.892726	7
ACATG	1327365	0.92029864	7.076991	1
TTCTA	1052345	0.9144476	8.3015585	5
GACTG	1093610	0.91088486	12.147922	1
TCTCG	654565	0.9073694	7.4111447	5
GGACG	1062420	0.8663579	5.1716456	7
TCGCA	759490	0.8580073	8.058767	1
GGGCG	867730	0.85005754	10.001179	5
CGATG	1008925	0.8403494	6.9085774	1
CGGCA	740740	0.81928486	11.109781	1
CGGCT	599130	0.81311613	12.117199	1
CTCGG	583010	0.7912388	13.735761	6
TATGC	929730	0.79096574	23.448805	1
TAGCA	1139230	0.7898595	6.5873566	1
GGGTA	1272980	0.7817261	13.206193	6
GTCAG	923315	0.76904356	6.6324606	1
TATGG	1225645	0.76877207	14.087144	2
CCGCT	415825	0.7654381	7.9758315	1
GCGCT	558030	0.7573368	8.697771	1
TACAG	1078855	0.74799985	8.139718	1
GCGCA	667785	0.738594	6.7598147	1
CTATG	865535	0.73635197	12.716898	7
CACGG	663365	0.7337053	17.776289	6
TCTAT	823240	0.7153641	12.993794	6
TCACG	630755	0.71257347	8.100921	5
ACTCG	629675	0.71135336	5.3713937	5
ACGCA	747510	0.6882141	8.262556	1
AGGGT	1106640	0.6795782	5.5005484	4
TAGCT	759315	0.64598554	7.0944743	1
ACGCT	570020	0.64396024	10.235079	1
CGGGG	641765	0.62869465	21.834982	8
ATCTA	846825	0.5996971	6.7870955	5
CGGGC	443525	0.5893181	8.897767	8
ACACG	638570	0.5879157	8.1758585	5
TCGGG	565095	0.56543803	11.418879	7
ACGGG	691365	0.5637785	17.650908	7
TAGGG	504560	0.30984598	5.645757	7
>>END_MODULE
