##FastQC	0.10.1
>>Basic Statistics	pass
#Measure	Value	
Filename	Acer-030_S29_L001_R1_001.fastq.gz	
File type	Conventional base calls	
Encoding	Sanger / Illumina 1.9	
Total Sequences	12892034	
Filtered Sequences	0	
Sequence length	101	
%GC	43	
>>END_MODULE
>>Per base sequence quality	pass
#Base	Mean	Median	Lower Quartile	Upper Quartile	10th Percentile	90th Percentile
1	36.28268231374506	37.0	37.0	37.0	37.0	37.0
2	36.3582507616719	37.0	37.0	37.0	37.0	37.0
3	36.32416320031424	37.0	37.0	37.0	37.0	37.0
4	36.33764028236351	37.0	37.0	37.0	37.0	37.0
5	36.489621265348816	37.0	37.0	37.0	37.0	37.0
6	36.52768849353019	37.0	37.0	37.0	37.0	37.0
7	36.55093370060923	37.0	37.0	37.0	37.0	37.0
8	36.54122863777741	37.0	37.0	37.0	37.0	37.0
9	36.55566483923328	37.0	37.0	37.0	37.0	37.0
10-14	36.43350861469959	37.0	37.0	37.0	37.0	37.0
15-19	36.353769358659775	37.0	37.0	37.0	37.0	37.0
20-24	36.338263194155395	37.0	37.0	37.0	37.0	37.0
25-29	36.26003837718703	37.0	37.0	37.0	37.0	37.0
30-34	36.22716565904186	37.0	37.0	37.0	37.0	37.0
35-39	36.19595466471777	37.0	37.0	37.0	37.0	37.0
40-44	36.15804843518098	37.0	37.0	37.0	37.0	37.0
45-49	36.12643354803439	37.0	37.0	37.0	37.0	37.0
50-54	36.10201381721457	37.0	37.0	37.0	37.0	37.0
55-59	36.054049252429834	37.0	37.0	37.0	37.0	37.0
60-64	36.00598963670124	37.0	37.0	37.0	37.0	37.0
65-69	35.9608962868078	37.0	37.0	37.0	37.0	37.0
70-74	35.89655596626568	37.0	37.0	37.0	37.0	37.0
75-79	35.85676291266374	37.0	37.0	37.0	37.0	37.0
80-84	35.79316427493133	37.0	37.0	37.0	37.0	37.0
85-89	35.76279721260431	37.0	37.0	37.0	37.0	37.0
90-94	35.69722996386761	37.0	37.0	37.0	37.0	37.0
95-99	35.634089081676336	37.0	37.0	37.0	37.0	37.0
100-101	35.531260544302015	37.0	37.0	37.0	37.0	37.0
>>END_MODULE
>>Per sequence quality scores	pass
#Quality	Count
15	7.0
16	42.0
17	102.0
18	155.0
19	265.0
20	587.0
21	1495.0
22	3111.0
23	6823.0
24	12682.0
25	21726.0
26	33795.0
27	51015.0
28	71404.0
29	101393.0
30	134845.0
31	180358.0
32	228455.0
33	310932.0
34	448320.0
35	938680.0
36	7955765.0
37	2390077.0
>>END_MODULE
>>Per base sequence content	fail
#Base	G	A	T	C
1	20.92482544804475	29.569735191930718	25.989676102898784	23.515763257125748
2	29.852452784184774	26.335901883200574	21.30197456737541	22.50967076523924
3	20.025166886539495	12.208887640525266	26.910122395744253	40.855823077191
4	26.82908080671907	17.232215396467677	35.68576752351183	20.252936273301426
5	47.54779579389877	12.966503191040296	12.486765082996213	26.998935932064715
6	47.554365742442194	6.410059110920743	20.149116888770227	25.886458257866835
7	47.810473988005285	13.569904593649992	18.524336073479287	20.095285344865434
8	60.540625319480235	11.586534754717526	11.410402733967349	16.462437191834898
9	49.045786575466366	23.812688249945506	7.854173631704568	19.28735154288356
10-14	43.66626094211713	25.84454521082838	17.17428465586614	13.31490919118835
15-19	25.0462292210129	36.10694490366713	22.355845787910106	16.490980087409866
20-24	23.87943839104948	35.2649896668725	24.820486391942435	16.035085550135584
25-29	22.367066192337944	34.44532478451965	26.065046789216584	17.122562233925823
30-34	22.326896544341846	33.51739650373523	25.652107778265677	18.50359917365725
35-39	22.672361358276007	32.93534749640351	25.795004785110315	18.597286360210173
40-44	22.46310509150862	32.9810412772927	25.849326963986456	18.706526667212227
45-49	22.806448872487973	32.95666187211434	25.587206482084156	18.64968277331353
50-54	23.113596036210954	32.932630938668225	25.3026742941623	18.651098730958513
55-59	22.83687336114899	33.18612866948414	25.359873902411206	18.61712406695566
60-64	22.613180578702348	33.5488918961296	25.390406205078232	18.44752132008983
65-69	22.764661133719024	33.2190179770377	25.39653468893312	18.619786200310156
70-74	22.461429907174583	33.25372616327193	25.784975985808245	18.499867943745247
75-79	22.32081820718411	33.667915906432135	25.838037989476163	18.17322789690758
80-84	22.418539796214485	33.91383690438334	25.74024599331376	17.927377306088417
85-89	22.464241906449654	33.70988673115763	25.54650713188557	18.27936423050715
90-94	22.417207401097453	33.823306702417945	25.55558882329972	18.203897073184883
95-99	22.820929575581324	33.43972254494519	25.67826147526449	18.061086404208986
100-101	22.49582183850896	33.4225964653832	25.86601152308472	18.215570173023124
>>END_MODULE
>>Per base GC content	fail
#Base	%GC
1	44.4405887051705
2	52.36212354942401
3	60.88098996373048
4	47.08201708002049
5	74.54673172596348
6	73.44082400030902
7	67.90575933287072
8	77.00306251131512
9	68.33313811834992
10-14	56.98117013330548
15-19	41.53720930842277
20-24	39.91452394118507
25-29	39.48962842626377
30-34	40.83049571799909
35-39	41.26964771848618
40-44	41.16963175872085
45-49	41.456131645801506
50-54	41.764694767169466
55-59	41.45399742810466
60-64	41.060701898792175
65-69	41.384447334029176
70-74	40.961297850919834
75-79	40.494046104091694
80-84	40.345917102302906
85-89	40.7436061369568
90-94	40.62110447428234
95-99	40.88201597979031
100-101	40.711392011532084
>>END_MODULE
>>Per sequence GC content	warn
#GC Content	Count
0	295.0
1	277.5
2	243.0
3	427.5
4	2450.0
5	10907.5
6	27236.0
7	45028.0
8	56434.0
9	58582.5
10	52604.5
11	41390.0
12	29913.0
13	21500.0
14	16403.0
15	13651.0
16	12035.0
17	10944.5
18	10370.0
19	10269.5
20	10421.0
21	11161.0
22	12397.0
23	14490.5
24	17715.5
25	22436.0
26	29488.0
27	39699.0
28	53740.5
29	71759.5
30	96127.5
31	128755.0
32	165487.5
33	204500.0
34	247317.5
35	293325.0
36	341079.0
37	388835.5
38	438670.5
39	490665.5
40	542502.5
41	585883.5
42	611300.0
43	625062.0
44	634560.0
45	637211.5
46	629998.0
47	606672.5
48	561146.0
49	500209.5
50	441654.0
51	401827.5
52	372973.5
53	327072.5
54	265573.5
55	216478.0
56	184580.0
57	159521.5
58	140288.0
59	125323.0
60	112919.0
61	100910.5
62	88761.0
63	79559.5
64	72630.5
65	63200.0
66	52008.5
67	41239.5
68	35656.0
69	36604.5
70	37460.5
71	36816.0
72	30885.0
73	19556.5
74	8910.5
75	3249.5
76	1322.0
77	566.5
78	247.5
79	138.0
80	91.0
81	70.5
82	62.5
83	67.0
84	71.0
85	56.0
86	37.0
87	33.0
88	30.5
89	23.0
90	16.0
91	14.5
92	17.0
93	16.5
94	12.0
95	10.5
96	11.0
97	11.0
98	9.0
99	7.5
100	4.0
>>END_MODULE
>>Per base N content	pass
#Base	N-Count
1	0.03909390868810926
2	0.04277835444740528
3	0.0038085534059249305
4	9.308073497168872E-5
5	0.0
6	0.0
7	1.5513455828614788E-4
8	0.0
9	0.002047776169377152
10-14	2.807935504979276E-4
15-19	6.189868875617299E-4
20-24	2.327018374292218E-5
25-29	3.59912175223863E-4
30-34	3.645662119724475E-4
35-39	0.0013046816351865035
40-44	6.12781505230284E-4
45-49	0.0013993137157410538
50-54	0.002237040330486252
55-59	0.005314909966883425
60-64	2.994096974922654E-4
65-69	0.00525595883473469
70-74	0.016078145620776366
75-79	0.005639141193701474
80-84	6.825920564590506E-5
85-89	1.2100495546319533E-4
90-94	0.0
95-99	0.0
100-101	0.0
>>END_MODULE
>>Sequence Length Distribution	pass
#Length	Count
101	1.2892034E7
>>END_MODULE
>>Sequence Duplication Levels	fail
#Total Duplicate Percentage	76.54340462637974
#Duplication Level	Relative count
1	100.0
2	52.70030449645999
3	44.46769161794101
4	38.684126954474976
5	31.383684220358298
6	24.61937942500607
7	17.866283088303973
8	12.893463600530534
9	9.213353010405186
10++	41.787001924118734
>>END_MODULE
>>Overrepresented sequences	pass
>>END_MODULE
>>Kmer Content	fail
#Sequence	Count	Obs/Exp Overall	Obs/Exp Max	Max Obs/Exp Position
AAAAA	41622260	10.201558	13.09407	95-97
CTGGG	6668400	7.3297553	342.85168	3
CCTGG	3456775	5.222701	245.8677	5
TGGGG	6245350	4.994228	228.1346	4
GGGGG	6153425	4.7752547	138.775	5
TTTTT	4546265	4.0991516	5.2559624	80-84
TGCCT	2459730	3.8295121	252.71364	3
GCCTG	2503395	3.782278	245.32407	4
CAGGG	4448370	3.7681577	133.61018	3
GGGGA	5947440	3.6652358	87.606316	5
GCTTC	2179875	3.3938105	185.17912	3
CCAGG	2384035	2.7758567	122.50951	5
TGCCA	2269725	2.7232628	125.556404	3
GCATC	2209330	2.6507995	148.45662	3
CTCTG	1619845	2.5219092	62.33759	7
TCTCT	1508235	2.4196742	64.306526	6
CTTCC	1111220	2.3780022	84.36286	4
GGGCA	2804165	2.3753724	50.437294	5
TTGCC	1514905	2.35853	85.65221	2
CTTCT	1468015	2.3551488	67.10646	4
CTGCC	1130920	2.348617	100.07784	2
AGGGG	3786195	2.333323	80.04368	4
TCTGG	2031920	2.3014753	67.80627	2
GCTGG	2074360	2.2800899	121.35888	2
TTCTC	1406995	2.2572544	51.66182	5
GCCAG	1915955	2.2308464	122.01191	4
CTTCA	1798565	2.2236903	47.286186	4
GGGGC	2032070	2.167577	33.97423	5
GTGCC	1412320	2.133817	110.06481	2
GGGGT	2630745	2.1037314	51.446835	5
CCCTG	1006225	2.0896592	64.867294	7
ATGCC	1720985	2.0648735	110.57956	2
TGGGC	1832915	2.014699	69.120674	4
CATCT	1602060	1.9807379	55.692467	4
TTCCC	919125	1.9669206	56.167324	5
CACTG	1625200	1.9499483	44.94403	7
TTTGC	1665495	1.9439049	17.38676	1
GGGAA	3949730	1.9329985	28.685957	6
TGCTG	1676595	1.8990129	34.19198	1
TCCCT	873115	1.8684593	66.83496	6
CCCAG	1156285	1.8505702	34.341873	7
ACTGG	2078335	1.8141602	58.471203	2
TGCTT	1542920	1.8008397	28.671864	2
TTCAC	1436235	1.775717	37.57516	5
CATCC	1074860	1.7726561	65.96727	4
TTCAA	2480980	1.7721786	5.5409236	5
TCCCA	1057645	1.7442651	35.437576	6
ATGGG	2707635	1.7194673	60.440506	3
CATGG	1968205	1.7180288	31.947058	5
TTGCT	1470050	1.7157886	5.8769755	1
GCTGC	1124860	1.6995054	15.483552	1
TCACT	1372295	1.6966635	46.28853	6
GGCTT	1494335	1.692574	38.99664	2
CTTGC	1070285	1.6663085	24.578909	1
GGGAG	2679395	1.651234	17.071196	6
TTCCA	1325050	1.6382513	16.019524	5
CATCA	1717025	1.636007	37.570225	4
TTGCA	1788990	1.6091626	12.794819	2
TTCTG	1373540	1.6031456	16.210686	1
TGCAT	1771390	1.5933317	32.81496	3
TCCTG	1004865	1.5644572	36.469368	1
CTGCA	1301565	1.5616444	9.284479	2
AGCTT	1728805	1.5550272	31.10374	2
TCTGC	988445	1.5388932	26.110651	1
ATCTC	1227710	1.5179031	43.889553	5
GCAGG	1786755	1.5135374	40.28444	2
CAAGG	2230430	1.5004066	14.807275	5
TCTCA	1191280	1.4728619	33.964783	6
GGCTG	1336255	1.4687814	28.099516	1
GGAAG	2977490	1.4571841	9.505497	7
CAGCA	1567775	1.4496408	6.4007826	1
TGGCT	1272895	1.4417579	8.588403	1
CAGCT	1189075	1.4266766	8.356298	1
TGCAA	2054900	1.4244361	15.213963	3
GGGAC	1674285	1.4182653	20.97749	6
GGCAG	1671705	1.4160799	10.831982	6
AGCTG	1615625	1.4102647	19.141356	1
CTGCT	901530	1.4035769	7.453926	1
TCCAT	1128615	1.3953849	24.558739	6
GGAAA	3585225	1.3933902	8.120096	7
GGGCT	1259585	1.3845075	13.960482	5
GGCAT	1579110	1.378391	30.94617	2
GCAAG	2046760	1.3768522	14.729413	4
CGCTG	909770	1.3745346	49.944977	1
GGCAA	2042800	1.3741881	13.796107	6
CTCAG	1142540	1.3708428	32.989834	7
AGCAG	2021965	1.3601726	8.690062	1
CCAAG	1463070	1.3528255	5.265478	7
CCATG	1123300	1.3477585	23.83857	7
CGTGC	889045	1.343222	28.95851	1
CACAG	1450915	1.3415864	23.001823	7
ATTGC	1489105	1.3394217	23.293076	1
TGCAG	1529910	1.3354449	14.390652	1
ACTGC	1109645	1.331375	25.733372	1
TCACA	1394965	1.3291434	23.731153	6
GGGAT	2075750	1.3181925	19.94942	6
CATGC	1089325	1.3069947	29.086607	1
TGTGC	1150510	1.3031373	23.935045	1
CCTGC	625745	1.2995044	15.994789	1
AACTG	1843365	1.2778022	9.270036	1
GCATG	1451650	1.2671324	31.761595	4
GGAGG	2050200	1.2634792	5.1012144	7
GGGTG	1574020	1.2586987	11.76647	6
TTCAG	1398000	1.2574744	9.025941	1
CGCTT	797975	1.2423538	40.290302	2
TCCAA	1301520	1.2401075	5.4817867	6
TCAGG	1405505	1.2268528	32.93711	2
GGGCC	836350	1.2262534	8.929594	7
CAATG	1767795	1.2254179	8.039399	7
AATGC	1747565	1.2113947	27.843082	1
GTTGC	1060680	1.2013904	14.755648	1
AAGCT	1715500	1.1891674	8.5409355	1
TCCAG	984485	1.1812053	13.380325	1
AAGCA	2207875	1.1794707	6.524039	1
ATCAC	1233635	1.1754259	30.580812	5
GGGTT	1423475	1.1729873	13.521621	6
ATCCC	709935	1.1708229	43.935104	5
ATGCA	1658555	1.1496937	15.4161625	2
GAGCT	1312495	1.1456652	6.3441567	1
AAGGG	2296945	1.1241252	10.717866	6
GGTGC	1017640	1.118567	21.305248	1
GTCTG	981575	1.1117913	17.773848	1
ACCTG	925165	1.110032	23.774305	1
TCAAT	1543905	1.1028204	8.314779	6
ATCCA	1156375	1.1018113	12.61447	5
AGGGC	1299695	1.100955	20.363588	4
AGGGA	2231780	1.0922335	6.799798	4
CCGCA	682435	1.0921994	7.7828927	1
TCGCT	700610	1.0907679	10.3269825	1
GTGCA	1242510	1.084576	13.259379	2
TCATG	1202200	1.081356	10.250122	1
GTGCT	954555	1.0811868	6.9055767	1
GATGC	1229945	1.0736082	20.397984	1
GGGTC	969985	1.0661857	13.417987	6
GGATT	1616630	1.0579042	5.0908017	7
CGCAG	903190	1.0516313	12.226926	1
ATCTG	1168750	1.0512685	12.6412945	1
GATGG	1648735	1.0470192	16.11252	2
GGCAC	898890	1.0466244	13.680535	6
TGGCA	1185300	1.0346379	7.072883	1
ATGCT	1145785	1.0306119	8.010447	1
TGGGA	1612040	1.0237163	21.115786	4
ACAGG	1518915	1.0217717	24.316547	2
ACCAG	1090215	1.0080656	10.299955	1
AGGCA	1487240	1.0004638	7.300108	1
AGCAT	1435700	0.99521285	24.380589	2
AGGCT	1136825	0.9923244	9.729345	1
TGGGT	1203425	0.99165946	21.679964	4
GGAAC	1472620	0.990629	5.792421	7
AGTGC	1131170	0.9873883	25.126232	1
ATCAG	1401385	0.97142607	6.941424	1
TACTG	1075350	0.9672569	18.574911	1
GGACA	1432405	0.96357644	6.06418	7
GGATG	1502205	0.95396614	7.3487167	7
TTCTA	1025840	0.95083153	8.89397	5
GGATC	1085860	0.9478375	5.840685	7
TCTCG	600390	0.93473697	8.145366	5
AATGG	1831175	0.92347664	6.709698	2
GGACG	1089735	0.92310065	5.1980534	7
CGCAT	765020	0.91788673	31.788092	2
GACTG	1039590	0.9074488	12.285396	1
ACATG	1299130	0.9005439	6.96363	1
GGGCG	785020	0.8373685	10.29599	5
CGGCT	549325	0.8299529	13.758757	1
TCGCA	685270	0.822201	8.474517	1
TATGC	889560	0.80014235	24.33433	1
GGGTA	1253710	0.79616094	13.434406	6
CTCGG	524515	0.79246837	15.442987	6
TAGCA	1137895	0.7887774	6.504368	1
TATGG	1203680	0.7876744	14.90503	2
CGATG	891770	0.7784181	7.265233	1
CGGCA	663755	0.7728447	11.678735	1
GTCAG	862915	0.75323087	6.7724953	1
CCGCT	358245	0.7439787	8.659644	1
CTATG	818925	0.73660743	13.403901	7
CACGG	630520	0.73414737	19.015646	6
ACTCG	609150	0.73087066	5.9677143	5
GCGCT	482610	0.7291559	9.50837	1
TCTAT	777950	0.72106695	13.816703	6
GCGCA	617125	0.7185509	6.960334	1
AGGGT	1124815	0.71430695	6.0682783	4
TACAG	1019755	0.70688397	8.142908	1
TCACG	569145	0.6828719	8.677508	5
ACGCA	713245	0.6595009	8.101285	1
ACGCT	548880	0.65855753	10.76902	1
CGGGG	601385	0.6414879	23.959393	8
TAGCT	708430	0.63721937	7.4581676	1
TCGGG	569325	0.6257892	12.579463	7
ACACG	641555	0.5932129	8.392734	5
CGGGC	404520	0.59310573	9.637088	8
ACGGG	697245	0.5906274	18.665009	7
ATCTA	814975	0.58214146	6.842755	5
CTAGG	368160	0.3213636	5.0190015	6
TAGGG	501635	0.3185603	5.8596325	7
>>END_MODULE
