##FastQC	0.10.1
>>Basic Statistics	pass
#Measure	Value	
Filename	Acer-063_S40_L001_R1_001.fastq.gz	
File type	Conventional base calls	
Encoding	Sanger / Illumina 1.9	
Total Sequences	13968542	
Filtered Sequences	0	
Sequence length	101	
%GC	44	
>>END_MODULE
>>Per base sequence quality	pass
#Base	Mean	Median	Lower Quartile	Upper Quartile	10th Percentile	90th Percentile
1	36.274446395336035	37.0	37.0	37.0	37.0	37.0
2	36.35299152910876	37.0	37.0	37.0	37.0	37.0
3	36.32070648461379	37.0	37.0	37.0	37.0	37.0
4	36.33311780141406	37.0	37.0	37.0	37.0	37.0
5	36.483977640615606	37.0	37.0	37.0	37.0	37.0
6	36.52508314754682	37.0	37.0	37.0	37.0	37.0
7	36.54827232505726	37.0	37.0	37.0	37.0	37.0
8	36.53783565958423	37.0	37.0	37.0	37.0	37.0
9	36.54695973280533	37.0	37.0	37.0	37.0	37.0
10-14	36.42091176015363	37.0	37.0	37.0	37.0	37.0
15-19	36.33894518125084	37.0	37.0	37.0	37.0	37.0
20-24	36.3239830327317	37.0	37.0	37.0	37.0	37.0
25-29	36.24021805568542	37.0	37.0	37.0	37.0	37.0
30-34	36.19920730452756	37.0	37.0	37.0	37.0	37.0
35-39	36.17094760498268	37.0	37.0	37.0	37.0	37.0
40-44	36.138695935481316	37.0	37.0	37.0	37.0	37.0
45-49	36.09764473629387	37.0	37.0	37.0	37.0	37.0
50-54	36.07711550711592	37.0	37.0	37.0	37.0	37.0
55-59	36.02727538779638	37.0	37.0	37.0	37.0	37.0
60-64	35.98455412168285	37.0	37.0	37.0	37.0	37.0
65-69	35.939832747039745	37.0	37.0	37.0	37.0	37.0
70-74	35.873763174424354	37.0	37.0	37.0	37.0	37.0
75-79	35.835130209008206	37.0	37.0	37.0	37.0	37.0
80-84	35.77801292361078	37.0	37.0	37.0	37.0	37.0
85-89	35.75257366158902	37.0	37.0	37.0	37.0	37.0
90-94	35.67783888969944	37.0	37.0	37.0	37.0	37.0
95-99	35.60930937530918	37.0	37.0	37.0	37.0	37.0
100-101	35.506743223451664	37.0	37.0	37.0	37.0	37.0
>>END_MODULE
>>Per sequence quality scores	pass
#Quality	Count
14	1.0
15	13.0
16	36.0
17	111.0
18	214.0
19	346.0
20	679.0
21	1683.0
22	3339.0
23	7149.0
24	13982.0
25	24395.0
26	37935.0
27	56719.0
28	79167.0
29	112457.0
30	146797.0
31	198985.0
32	251527.0
33	344607.0
34	498460.0
35	1056678.0
36	8602750.0
37	2530512.0
>>END_MODULE
>>Per base sequence content	fail
#Base	G	A	T	C
1	21.39051825488313	29.349865302773697	25.759970803187354	23.499645639155816
2	29.95509608286609	26.242904286552555	21.246026583101756	22.555973047479604
3	20.178692649473376	11.910998606386624	27.29199858591126	40.618310158228745
4	27.218107099586415	16.757759512595882	35.62579088482598	20.398342502991724
5	47.28131253784396	12.895461816988488	12.478847112318523	27.344378532849028
6	47.287118440850875	6.333259405312308	20.297902243483964	26.081719910352845
7	47.52896888654139	13.325619798975138	18.894412658290737	20.250998656192735
8	60.81775904997946	11.451647774212624	11.383158153965983	16.34743502184194
9	49.09542320826443	23.779658226126298	7.733825877164723	19.39109268844455
10-14	44.07812342815992	25.222436892513567	17.03812145572211	13.661318223604404
15-19	25.571699778523747	35.57920497752564	22.277119586579193	16.571975657371414
20-24	24.39647763275552	34.38938182921336	24.999873644612965	16.21426689341815
25-29	22.628821491900723	33.628923979755456	26.272689970574042	17.469564557769775
30-34	22.536530394693834	32.950196376446925	25.577832476174784	18.93544075268446
35-39	22.899168663799806	32.25686544644194	25.624702005017625	19.219263884740624
40-44	22.62973002839514	32.31429996927074	25.73765323715161	19.318316765182512
45-49	22.875840445189592	32.273058053207606	25.537165795136303	19.313935706466502
50-54	23.26560847633576	32.2353713046019	25.23903610826871	19.25998411079364
55-59	22.930253322872495	32.52080856889822	25.3113476291013	19.237590479127988
60-64	22.840301030711384	32.84850492484212	25.36407160562914	18.94712243881736
65-69	23.03783591588801	32.62919510314769	25.248771509941452	19.084197471022847
70-74	22.7043420339975	32.55492438112416	25.538376203223496	19.202357381654842
75-79	22.397606609393424	32.973749798159794	25.72092051647667	18.90772307597011
80-84	22.75584689748049	32.91633353086787	25.541650853141444	18.786168718510194
85-89	22.727611280713095	32.84002604370175	25.35950476991079	19.07285790567437
90-94	22.65135076590457	33.184234019330496	25.336405550935893	18.82800966382905
95-99	23.058201779398306	32.876887222732336	25.43633258216928	18.62857841570008
100-101	22.67885581759356	32.87161967226071	25.62579186861449	18.823732641531237
>>END_MODULE
>>Per base GC content	fail
#Base	%GC
1	44.89016389403895
2	52.51106913034569
3	60.797002807702114
4	47.616449602578136
5	74.625691070693
6	73.36883835120372
7	67.77996754273413
8	77.1651940718214
9	68.48651589670898
10-14	57.739441651764324
15-19	42.14367543589517
20-24	40.61074452617367
25-29	40.098386049670495
30-34	41.4719711473783
35-39	42.11843254854043
40-44	41.94804679357765
45-49	42.18977615165609
50-54	42.5255925871294
55-59	42.16784380200048
60-64	41.78742346952875
65-69	42.12203338691086
70-74	41.90669941565234
75-79	41.30532968536353
80-84	41.542015615990685
85-89	41.80046918638746
90-94	41.47936042973362
95-99	41.686780195098386
100-101	41.502588459124794
>>END_MODULE
>>Per sequence GC content	warn
#GC Content	Count
0	305.0
1	313.5
2	323.5
3	518.5
4	2294.0
5	9561.5
6	24450.5
7	42196.5
8	54957.0
9	58642.0
10	54150.5
11	44586.5
12	33829.0
13	25439.0
14	20360.0
15	17312.5
16	15471.0
17	14297.0
18	13847.0
19	13703.5
20	13800.0
21	14540.5
22	15875.0
23	18291.0
24	22085.0
25	27298.5
26	35101.0
27	46642.0
28	61984.5
29	81747.5
30	108768.5
31	143526.0
32	181622.0
33	221536.5
34	265334.5
35	315836.0
36	368534.0
37	412190.5
38	448988.0
39	486069.5
40	527309.5
41	565015.5
42	586155.0
43	595703.5
44	603407.0
45	608502.5
46	604730.5
47	586193.5
48	550605.0
49	507579.0
50	468748.0
51	438132.5
52	410439.5
53	375179.5
54	334842.5
55	304320.5
56	283455.5
57	265101.5
58	250572.0
59	234091.5
60	209412.0
61	180666.5
62	153258.5
63	127263.5
64	104377.5
65	83075.0
66	63588.5
67	47900.0
68	37972.0
69	33679.5
70	28824.5
71	23639.0
72	18070.5
73	11041.5
74	5082.5
75	2031.0
76	898.0
77	440.5
78	195.0
79	136.0
80	118.5
81	86.0
82	71.0
83	60.0
84	47.0
85	43.0
86	42.0
87	37.0
88	28.5
89	23.0
90	20.0
91	18.5
92	17.5
93	10.0
94	9.5
95	12.0
96	22.5
97	27.5
98	19.0
99	13.0
100	4.5
>>END_MODULE
>>Per base N content	pass
#Base	N-Count
1	0.038472161232002595
2	0.04340467315772827
3	0.0038371936025964623
4	7.158943288426237E-5
5	0.0
6	0.0
7	1.5033780905695097E-4
8	1.4317886576852472E-5
9	0.0017324642757991493
10-14	2.920848861677904E-4
15-19	6.557592052198433E-4
20-24	3.0067561811390194E-5
25-29	4.123551334133512E-4
30-34	4.610359477746496E-4
35-39	0.00133156345164728
40-44	6.815314010581777E-4
45-49	0.0014389476009736737
50-54	0.0022736803884041727
55-59	0.005459410151753848
60-64	3.8371936025964626E-4
65-69	0.005331980961219861
70-74	0.016230756223519962
75-79	0.005794448697652196
80-84	1.0165699469565256E-4
85-89	1.4890602039926572E-4
90-94	1.4317886576852474E-6
95-99	0.0
100-101	0.0
>>END_MODULE
>>Sequence Length Distribution	pass
#Length	Count
101	1.3968542E7
>>END_MODULE
>>Sequence Duplication Levels	fail
#Total Duplicate Percentage	78.72346952638476
#Duplication Level	Relative count
1	100.0
2	47.4551484067643
3	40.919483408515106
4	38.68668767636821
5	34.97291396321243
6	30.43111083647449
7	24.83676285814332
8	19.1970998372778
9	14.791241838142907
10++	60.664483305526375
>>END_MODULE
>>Overrepresented sequences	pass
>>END_MODULE
>>Kmer Content	fail
#Sequence	Count	Obs/Exp Overall	Obs/Exp Max	Max Obs/Exp Position
AAAAA	44702135	11.209854	14.880938	95-97
CTGGG	7425915	7.156575	328.04565	3
CCTGG	3912360	5.0931535	237.36983	5
TGGGG	6913830	4.93266	222.67566	4
GGGGG	6730495	4.599917	132.62575	5
TTTTT	5294160	4.485364	9.395537	20-24
TGCCT	2916855	3.9638975	247.4018	3
GCCTG	2923090	3.8053112	236.88083	4
GGGGA	6482315	3.6253242	87.380486	5
CAGGG	4709825	3.5580678	125.73302	3
GCTTC	2576310	3.5011091	177.00534	3
CCAGG	2655915	2.7102938	114.9664	5
TGCCA	2519840	2.6843226	119.58214	3
GCATC	2512550	2.6765568	143.44505	3
CTTCT	1746780	2.4780228	64.97042	4
CTGCC	1383100	2.4321723	93.31159	2
CTTCC	1320640	2.424291	79.6755	4
GGGCA	3099430	2.3414845	48.172546	5
CTCTG	1722985	2.3414726	59.77602	7
GCTGG	2425005	2.3370495	116.38618	2
AGGGG	4145890	2.3186462	77.03024	4
TTGCC	1679210	2.2819836	82.716225	2
GCCAG	2228770	2.2744033	114.604126	4
CTTCA	2002565	2.2269368	46.28351	4
GGGGC	2411760	2.2265363	31.52957	5
TCTCT	1562970	2.2172656	62.50417	6
ATGCC	2064535	2.1992977	107.61524	2
TCTGG	2155700	2.1687183	65.502884	2
TTCTC	1518230	2.1537962	50.068344	5
GTGCC	1652145	2.1507807	105.07995	2
CCCTG	1189210	2.0912178	61.78071	7
CACTG	1953850	2.0813875	44.079777	7
CATCT	1814360	2.017645	54.42095	4
GGGGT	2805350	2.0014722	48.283302	5
TGGGC	2073670	1.9984573	65.609985	4
TGCTG	1981590	1.9935566	33.265835	1
TCCCT	1082985	1.988029	64.51079	6
CTGCA	1850320	1.9710997	8.690512	2
TTCCC	1050065	1.9275978	53.371647	5
GCTGC	1472125	1.9164288	14.87729	1
TGCAT	2322130	1.9116794	32.13652	3
TTTGC	1789835	1.8796947	16.981585	1
TCTGC	1364490	1.8542912	24.697632	1
GGGAA	4047875	1.8524975	28.296438	6
TGCTT	1743235	1.8307551	28.08487	2
CATCC	1260165	1.8133512	62.682102	4
TTCAA	2654020	1.7879132	5.577513	5
GGCTT	1747535	1.7580882	38.319923	2
ACTGG	2229090	1.7579098	56.923042	2
CATGG	2206400	1.7400159	30.768688	5
CTTGC	1269480	1.7251761	24.022196	1
CCCAG	1241755	1.7117127	31.512192	7
TCCCA	1188210	1.7098094	33.025433	6
ATGGG	2881980	1.682547	59.448647	3
TTCAC	1497820	1.665639	36.9225	5
AGCTT	2022700	1.6651756	31.214287	2
CATCA	1893715	1.6507835	37.35869	4
TTCTG	1567670	1.6463758	15.907556	1
TTGCT	1565280	1.6438658	5.5944314	1
TCACT	1475190	1.6404736	45.95832	6
TTGCA	1987495	1.636193	12.3991165	2
TCCTG	1191995	1.6198769	34.699238	1
TTCCA	1422185	1.5815296	15.608592	5
CTGCT	1163345	1.5809426	7.110554	1
CAAGG	2546490	1.5742191	14.54858	5
GGGAG	2714935	1.5183649	16.471827	6
CAGCT	1417040	1.5095372	7.8701324	1
CCTGC	856995	1.50702	15.271325	1
TGCAG	1898160	1.4969311	13.592036	1
GGCTG	1552590	1.4962771	27.455294	1
CAGCA	1789945	1.4947056	6.189976	1
AGCTG	1891190	1.4914345	18.670341	1
GCAGG	1970890	1.4889216	37.92228	2
ACTGC	1391045	1.4818454	24.778946	1
GGCAG	1958255	1.4793764	11.664059	6
ATCTC	1323685	1.4719938	42.747013	5
GGGCT	1521845	1.4666473	13.426865	5
CGCTG	1117985	1.4554054	46.76631	1
GGAAG	3165130	1.448512	10.284651	7
GGCAT	1823340	1.4379264	30.505352	2
TCTCA	1288160	1.4324883	32.850254	6
TGCAA	2194075	1.4159054	15.125944	3
GCAAG	2283605	1.4117057	14.458086	4
CCATG	1310085	1.3956007	22.95769	7
GGCAA	2240560	1.3850957	13.033006	6
GGAAA	3679225	1.3778456	7.6115527	7
GCATG	1737185	1.3699827	30.580368	4
CCAAG	1638930	1.3685993	5.0388083	7
TGGCT	1359455	1.3676645	8.514588	1
CTCAG	1262615	1.3450322	31.480095	7
AGCAG	2162795	1.337022	8.2596035	1
GGGAC	1769205	1.3365575	21.57133	6
GGGAT	2282845	1.3327624	21.489319	6
CATGC	1241800	1.3228585	28.45264	1
CACAG	1583785	1.3225502	22.254267	7
TGTGC	1312540	1.3204663	23.273144	1
TCCAT	1184550	1.3172697	23.970963	6
TTCAG	1591335	1.3100567	8.593405	1
GGGCC	1041380	1.2986667	9.219538	7
ATTGC	1574385	1.296103	23.18134	1
CGTGC	991965	1.2913512	27.281456	1
GATGC	1632845	1.2876978	20.223652	1
CGCTT	935280	1.2710108	38.123318	2
GGAGC	1659260	1.2534988	5.027819	8
TCACA	1431380	1.2477583	23.27988	6
GGAGG	2221770	1.2425555	5.0980477	7
ATCTG	1503885	1.2380642	12.514102	1
GAGCT	1568305	1.2368002	6.3154416	1
GGGTG	1726120	1.2314975	11.544508	6
TCCAA	1401705	1.2218901	5.304833	6
GTTGC	1214440	1.2217739	14.429437	1
TCAGG	1539615	1.2141746	31.316149	2
TCCAG	1133435	1.20742	12.6198225	1
AAGCT	1863545	1.2026039	8.853062	1
GTGCA	1520940	1.199447	13.088317	2
AAGCA	2366270	1.1970196	6.7104816	1
ATGCA	1853970	1.196425	15.322605	2
AATGC	1853775	1.1962991	28.202375	1
ATCCC	828730	1.1925251	41.98327	5
GGTGC	1232995	1.1882739	21.450996	1
AACTG	1811725	1.1691629	9.242717	1
TGGCA	1456970	1.1489989	6.9983163	1
ATCAC	1317340	1.1483476	30.484913	5
AGGGC	1513855	1.1436516	19.440872	4
CAATG	1765320	1.1392163	7.9585466	7
GGATG	1945570	1.1358557	8.324254	7
GTCTG	1119210	1.1259688	17.24452	1
GGCAC	1101060	1.1236038	12.619643	6
GTGCT	1116725	1.1234688	6.8860884	1
TCATG	1354185	1.1148245	10.002331	1
ACCTG	1037715	1.1054518	23.286718	1
GGGTT	1478905	1.1014438	12.530999	6
ATCCA	1232835	1.0746832	12.39266	5
ATGCT	1302180	1.0720118	7.9149156	1
AGCAT	1659940	1.0712113	24.752815	2
ACAGG	1728340	1.0684456	23.387295	2
GATGG	1815055	1.0596588	15.708878	2
GGGTC	1089405	1.049892	12.548417	6
CGCAG	1024965	1.0459509	11.346125	1
TCGCT	768380	1.0441998	9.603865	1
GACTG	1322280	1.0427793	12.196048	1
AGTGC	1322220	1.042732	24.74808	1
TGGGA	1757200	1.025882	20.649647	4
AGGCA	1656980	1.0243313	7.273924	1
AAGGG	2232720	1.0217973	10.734539	6
TCAAT	1513900	1.0198574	8.343225	6
ACCAG	1210675	1.0109823	9.896585	1
CCGCA	732490	1.00971	7.132963	1
GGATT	1654675	1.0084364	5.4517536	7
TGGGT	1352425	1.0072452	20.384497	4
AGGCT	1252230	0.9875364	9.66168	1
GGACA	1554500	0.96097904	6.2660127	7
CGCAT	890535	0.9486647	30.369757	2
GGAAC	1534295	0.9484885	5.536277	7
TCTCG	696280	0.9462186	7.406458	5
ATCAG	1455920	0.9395508	6.757883	1
GGATC	1183010	0.932948	6.3894463	7
TTCTA	1085550	0.9329061	8.978175	5
CGATG	1169570	0.92234886	6.9964023	1
AGGGA	2010920	0.92029124	6.4296203	4
GGGCG	987710	0.9118537	9.795737	5
ACATG	1408720	0.9090912	6.9323506	1
TACTG	1102430	0.9075688	18.202547	1
AATGG	1889080	0.9024858	6.72829	2
CGGCA	856835	0.8743784	11.053889	1
TCGCA	817905	0.8712938	8.05162	1
CGGCT	668690	0.87050813	12.7592745	1
GCGCT	658330	0.8570214	9.119725	1
CTCGG	655430	0.85324603	13.45279	6
CCGCT	484920	0.8527286	7.920741	1
GGACG	1106585	0.83597684	5.306275	7
TATGC	989620	0.8146987	24.008873	1
GGACT	1029425	0.8118274	5.895303	7
GTCAG	990940	0.7814773	6.471232	1
GCGCA	757820	0.77333605	6.5544705	1
TATGG	1252840	0.7635394	15.068177	2
GGGTA	1300660	0.7593466	12.728747	6
TAGCA	1174975	0.7582482	6.572452	1
CTATG	918690	0.756306	13.395003	7
TCTAT	873695	0.75084096	13.983899	6
CACGG	723790	0.7386093	16.64324	6
TACAG	1138030	0.7344064	7.9080544	1
TCACG	662350	0.7055849	7.6884184	5
ACTCG	648390	0.69071364	5.183302	5
TAGCT	828650	0.68218106	7.482968	1
ACGCA	795680	0.6644379	7.969716	1
AGGGT	1131160	0.6603897	5.5413785	4
CGGGC	521245	0.6500254	8.855436	8
ACGCT	599575	0.6387122	10.337531	1
CGGGG	669505	0.6180869	20.440248	8
ACACG	720120	0.601341	7.5706325	5
ATCTA	877850	0.5913746	7.0682707	5
TCGGG	587740	0.5664225	11.149059	7
ACGGG	699660	0.52856266	16.620808	7
TAGGG	654770	0.38226542	5.430301	7
>>END_MODULE
