##FastQC	0.10.1
>>Basic Statistics	pass
#Measure	Value	
Filename	Acer-113_S60_L001_R1_001.fastq.gz	
File type	Conventional base calls	
Encoding	Sanger / Illumina 1.9	
Total Sequences	14877314	
Filtered Sequences	0	
Sequence length	101	
%GC	41	
>>END_MODULE
>>Per base sequence quality	pass
#Base	Mean	Median	Lower Quartile	Upper Quartile	10th Percentile	90th Percentile
1	36.27307483057761	37.0	37.0	37.0	37.0	37.0
2	36.34999220961526	37.0	37.0	37.0	37.0	37.0
3	36.31890272666155	37.0	37.0	37.0	37.0	37.0
4	36.33379446047855	37.0	37.0	37.0	37.0	37.0
5	36.47996983864157	37.0	37.0	37.0	37.0	37.0
6	36.52375583388238	37.0	37.0	37.0	37.0	37.0
7	36.54696654248206	37.0	37.0	37.0	37.0	37.0
8	36.53528183918145	37.0	37.0	37.0	37.0	37.0
9	36.548739846453465	37.0	37.0	37.0	37.0	37.0
10-14	36.436992215127006	37.0	37.0	37.0	37.0	37.0
15-19	36.36632014354204	37.0	37.0	37.0	37.0	37.0
20-24	36.35632957669644	37.0	37.0	37.0	37.0	37.0
25-29	36.27186268973015	37.0	37.0	37.0	37.0	37.0
30-34	36.23008889911176	37.0	37.0	37.0	37.0	37.0
35-39	36.19359766151336	37.0	37.0	37.0	37.0	37.0
40-44	36.13025121335747	37.0	37.0	37.0	37.0	37.0
45-49	36.06066280512732	37.0	37.0	37.0	37.0	37.0
50-54	36.01860183901476	37.0	37.0	37.0	37.0	37.0
55-59	35.9501480307534	37.0	37.0	37.0	37.0	37.0
60-64	35.864712353318616	37.0	37.0	37.0	37.0	37.0
65-69	35.79748980225865	37.0	37.0	37.0	37.0	37.0
70-74	35.70327907309075	37.0	37.0	37.0	37.0	37.0
75-79	35.63021812942848	37.0	37.0	37.0	37.0	37.0
80-84	35.515168195011555	37.0	37.0	37.0	37.0	37.0
85-89	35.46062664268564	37.0	37.0	37.0	37.0	37.0
90-94	35.3783211404962	37.0	37.0	37.0	37.0	37.0
95-99	35.26403610221576	37.0	37.0	37.0	37.0	37.0
100-101	35.13975365445671	37.0	37.0	37.0	25.0	37.0
>>END_MODULE
>>Per sequence quality scores	pass
#Quality	Count
15	9.0
16	36.0
17	103.0
18	192.0
19	330.0
20	773.0
21	1929.0
22	5036.0
23	12111.0
24	21637.0
25	34583.0
26	48786.0
27	70162.0
28	95485.0
29	133562.0
30	176048.0
31	237768.0
32	307212.0
33	423194.0
34	606774.0
35	1193922.0
36	8862715.0
37	2644947.0
>>END_MODULE
>>Per base sequence content	fail
#Base	G	A	T	C
1	20.81153631491531	29.999159454788753	25.860113103763627	23.329191126532315
2	29.663965951160638	26.576837380237368	21.373141887961662	22.38605478064033
3	19.853115649411855	12.668556776357828	26.635926504856105	40.84240106937421
4	26.533558795284655	17.625347114232433	35.764234750281084	20.076859340201825
5	47.59652851314424	13.177519813052275	12.550188831129061	26.675762842674423
6	47.58813318049213	6.688384744719376	19.995356688714104	25.728125386074396
7	47.857543995733096	13.829765424426954	18.38808735055667	19.92460322928328
8	59.6259055399255	11.938426780321606	11.734848338194427	16.700819341558475
9	48.807977080895434	23.650433779719744	8.358871040109442	19.182718099275387
10-14	42.53277759326061	26.44235835039269	17.896175660437844	13.12868839590885
15-19	23.453867285276907	37.3923513527629	23.026950130935088	16.1268312310251
20-24	22.283833868943162	37.15344692223859	24.800209510996403	15.762509697821848
25-29	20.91426255178595	36.5881612497536	25.85580369446519	16.641772503995263
30-34	20.85375253833833	36.09170870825583	25.36513529877331	17.689403454632526
35-39	20.956207842674168	35.82233766384612	25.45819053697025	17.76326395650946
40-44	20.76818769788562	35.85164597505198	25.492069478419022	17.888096848643382
45-49	20.906596216426546	35.85181434158074	25.411976508556393	17.82961293343632
50-54	21.240215670159333	35.82977643912469	25.140797085321836	17.789210805394134
55-59	20.92308666480736	36.01257901459904	25.237671463957	17.826662856636595
60-64	20.741679683178177	36.329389461418224	25.268298768496184	17.660632086907412
65-69	20.935694502994842	36.202026655673436	25.183151698675683	17.67912714265604
70-74	20.719387623803232	36.374582293967435	25.28081938214613	17.6252107000832
75-79	20.655678819991238	36.63417092570722	25.302772378984518	17.407377875317028
80-84	20.757896675506753	36.5930711241048	25.320767437381974	17.32826476300647
85-89	20.74597403968969	36.56550688057867	25.25449115239711	17.434027927334533
90-94	20.64923816221127	36.732817496491634	25.329714758994804	17.28822958230229
95-99	21.022456069691074	36.5336592344559	25.250618492020806	17.193266203832223
100-101	20.772203907237557	36.66980141711064	25.31012990651404	17.247864769137763
>>END_MODULE
>>Per base GC content	fail
#Base	%GC
1	44.140727441447616
2	52.05002073180097
3	60.69551671878607
4	46.61041813548648
5	74.27229135581867
6	73.31625856656652
7	67.78214722501637
8	76.32672488148397
9	67.99069518017082
10-14	55.661465989169464
15-19	39.58069851630201
20-24	38.046343566765
25-29	37.55603505578121
30-34	38.54315599297085
35-39	38.71947179918363
40-44	38.656284546529
45-49	38.736209149862866
50-54	39.02942647555347
55-59	38.74974952144395
60-64	38.40231177008559
65-69	38.614821645650885
70-74	38.34459832388644
75-79	38.06305669530827
80-84	38.08616143851323
85-89	38.18000196702422
90-94	37.93746774451356
95-99	38.2157222735233
100-101	38.02006867637532
>>END_MODULE
>>Per sequence GC content	fail
#GC Content	Count
0	1529.0
1	1346.5
2	995.0
3	1551.0
4	9490.0
5	40009.5
6	94897.5
7	148181.0
8	176615.0
9	175386.5
10	149586.0
11	111818.0
12	76501.5
13	52049.5
14	38438.5
15	31444.5
16	27221.5
17	24431.5
18	22683.5
19	21714.5
20	21375.5
21	22020.5
22	23991.0
23	27576.5
24	32637.5
25	39802.0
26	50577.0
27	65409.5
28	86566.5
29	113524.5
30	149163.5
31	193969.0
32	241229.0
33	287929.0
34	334710.5
35	383916.5
36	431345.5
37	475947.5
38	518351.0
39	555360.0
40	587732.5
41	612230.5
42	625931.0
43	627596.5
44	622797.5
45	614286.5
46	595636.5
47	564619.5
48	520598.5
49	468630.5
50	416349.0
51	373586.0
52	340314.0
53	304277.0
54	266222.5
55	235935.5
56	214884.5
57	201787.5
58	193981.0
59	182458.5
60	163574.5
61	143275.5
62	125773.0
63	109079.5
64	94143.5
65	79608.5
66	64512.5
67	49568.0
68	39457.0
69	37331.5
70	36501.5
71	34467.5
72	29153.0
73	19347.5
74	9996.0
75	5188.0
76	3105.5
77	1562.5
78	503.5
79	131.0
80	85.5
81	70.5
82	68.0
83	65.0
84	51.5
85	42.5
86	44.0
87	36.0
88	24.0
89	25.0
90	26.0
91	21.5
92	16.5
93	13.0
94	9.5
95	8.5
96	11.0
97	12.0
98	14.0
99	8.0
100	0.0
>>END_MODULE
>>Per base N content	pass
#Base	N-Count
1	0.040423963626767576
2	0.04328738373069225
3	0.003871666619391108
4	4.7051504055100265E-5
5	0.0
6	0.0
7	1.27711225292415E-4
8	1.3443286872885793E-5
9	0.001969441526877768
10-14	3.172615702001047E-4
15-19	6.385561264620751E-4
20-24	2.8230902433060163E-5
25-29	4.342181659942111E-4
30-34	4.140532356848824E-4
35-39	0.00123947104968007
40-44	6.439334412112294E-4
45-49	0.0013685266036597735
50-54	0.002265193838081256
55-59	0.00531681995822633
60-64	3.764120324408021E-4
65-69	0.005150123201002547
70-74	0.015992134063984937
75-79	0.005655590787423052
80-84	6.049479092798606E-5
85-89	1.2636689660512642E-4
90-94	0.0
95-99	0.0
100-101	0.0
>>END_MODULE
>>Sequence Length Distribution	pass
#Length	Count
101	1.4877314E7
>>END_MODULE
>>Sequence Duplication Levels	fail
#Total Duplicate Percentage	79.4289318078888
#Duplication Level	Relative count
1	100.0
2	45.188370609658236
3	35.16594308759079
4	32.225674368840146
5	30.112549124503612
6	27.308080080656776
7	24.443941482685542
8	20.223863706508098
9	17.00993806711796
10++	79.8358058476163
>>END_MODULE
>>Overrepresented sequences	pass
>>END_MODULE
>>Kmer Content	fail
#Sequence	Count	Obs/Exp Overall	Obs/Exp Max	Max Obs/Exp Position
AAAAA	109283160	16.17283	20.292526	95-97
CTGGG	7639710	9.19969	428.61633	3
CCTGG	3959195	6.380057	294.28394	5
GGGGG	6844790	6.3289576	186.31558	5
TGGGG	7032110	6.3279157	289.92346	4
TTTTT	6000690	4.8438225	5.8720737	80-84
GCCTG	2881355	4.643169	293.52438	4
TGCCT	2822560	4.4265347	285.7723	3
CAGGG	4919715	4.219738	156.86693	3
GGGGA	6450390	4.134378	101.212845	5
GCTTC	2589390	4.0608616	212.208	3
TTTTC	2851305	3.1648202	4.0877166	90-94
CCAGG	2753285	3.160225	137.69533	5
GGGGC	2405880	2.9769216	45.07346	5
GCTGG	2423670	2.9185684	150.8611	2
TGCCA	2609235	2.914627	133.45934	3
CTGCC	1342435	2.8948915	117.71954	2
GCATC	2561330	2.8611152	159.04193	3
GGGGT	3127525	2.8143353	69.429924	5
CTTCC	1338880	2.8098533	94.0995	4
CTCTG	1735735	2.7221	69.64535	7
CTTCT	1781555	2.7190857	71.70803	4
TTGCC	1729460	2.7122593	98.52003	2
AGGGG	4222370	2.7063282	95.110176	4
GGGCA	3123000	2.6786594	58.21653	5
TCTGG	2210465	2.5904963	80.011856	2
CCCTG	1184325	2.5539355	76.10438	7
TGGGC	2120100	2.553011	88.04395	4
GTGCC	1582800	2.550608	131.19553	2
TCTCT	1664170	2.5399277	67.97218	6
GCCAG	2212125	2.5390806	137.22168	4
TTCTC	1653680	2.5239174	54.551105	5
TGCTG	1976465	2.316266	40.893574	1
ATGCC	2046085	2.2855647	116.437675	2
CTTCA	2082730	2.264153	48.060932	4
TTCCC	1075765	2.2576647	62.549774	5
TTTGC	1976335	2.2540467	19.374048	1
TCCCT	1045900	2.194988	74.10767	6
GCTGC	1357985	2.1883295	19.157858	1
TGCTT	1882790	2.1473567	31.829384	2
CACTG	1867060	2.0855858	48.112152	7
GGCTT	1775585	2.0808504	45.649662	2
ACTGG	2382695	1.9889184	64.66756	2
TTGCT	1743420	1.9884027	6.495291	1
GGGAA	4415185	1.961667	31.069605	6
CATCC	1297060	1.9388812	68.72056	4
CTTGC	1228990	1.9273874	29.016792	1
ATGGG	3079895	1.9211581	69.760216	3
CATGG	2276700	1.9004407	35.356083	5
GGCTG	1575965	1.8977673	34.410614	1
TCCTG	1189900	1.8660837	41.826534	1
TTCTG	1635220	1.8649988	18.406925	1
CATCT	1704490	1.8529652	55.737015	4
GGGCT	1530090	1.8425249	20.095251	5
CTTGG	1562560	1.8312011	6.2746086	6
TCTGC	1149155	1.8021846	29.985819	1
CCCAG	1153110	1.7711644	37.8342	7
TCACT	1607980	1.7480484	46.80439	6
TTCAC	1596560	1.7356337	38.119003	5
TGCAT	2135135	1.7345101	34.32579	3
GGGCC	1039260	1.7208338	11.928225	8
TTGCA	2115145	1.7182709	13.579792	2
CTGCT	1082685	1.6979418	8.539321	1
CCTGC	783340	1.6892321	18.88683	1
CGCTG	1037690	1.6721889	59.26866	1
CTGCA	1496035	1.6711351	10.094946	2
TGGCT	1420215	1.6643835	9.933003	1
TTCCA	1529800	1.6630584	16.082073	5
AGCTT	2005575	1.62926	32.407745	2
GGCTC	998525	1.6090764	6.516251	6
GGCAT	1913595	1.5973443	33.908447	2
GGGTG	1756695	1.58078	15.909711	6
GCAGG	1841705	1.5796672	47.280746	2
GGGAG	2446145	1.5678568	17.629204	6
TTCAA	2783975	1.5677217	5.1134577	5
TGTGC	1337180	1.5670729	27.871225	1
TCCCA	1045065	1.5621921	36.95009	6
AGCTG	1860960	1.5534079	21.241367	1
CAGCT	1381260	1.5429267	8.804194	1
CATCA	1966880	1.5229998	35.580814	4
CGTGC	941925	1.5178682	34.33209	1
CCATG	1351600	1.5097951	25.563457	7
TCTCA	1367895	1.4870499	33.584373	6
GGGTT	1696140	1.4853874	18.091105	6
TGCAG	1777880	1.4840581	15.587645	1
GGGAC	1729650	1.4835554	21.658812	6
GGCAG	1725240	1.4797728	11.668837	6
GGTGC	1223650	1.4735118	26.119497	1
CGCTT	939530	1.4734362	45.632744	2
GTTGC	1252855	1.4682504	16.991682	1
GCATG	1758160	1.4675972	35.12154	4
ATCTC	1338715	1.4553282	43.34789	5
CTCAG	1298425	1.4503963	34.516735	7
GGGAT	2324335	1.4498595	22.236895	6
CAAGG	2433920	1.447118	15.964134	5
CATGC	1293065	1.4444089	31.124813	1
ATTGC	1731095	1.406282	24.31873	1
TCCAT	1283100	1.3948686	24.8879	6
GGTTT	1631900	1.3908318	5.3667054	7
GGGTC	1129730	1.3604139	16.923803	6
ACTGC	1216055	1.3583854	26.966164	1
GTGCT	1148200	1.3456028	8.22024	1
TCAGG	1600680	1.3361433	36.25992	2
GGCAA	2244470	1.3344781	14.323075	6
CCAAG	1673205	1.331276	5.2138295	7
TGCAA	2295030	1.3279722	15.48501	3
GCAAG	2223620	1.3220814	15.874496	4
CAGCA	1660085	1.3208373	6.352129	1
TTCAG	1619720	1.3158048	9.330184	1
TCCAG	1167430	1.3040693	14.1958	1
TGGGT	1487590	1.3027506	28.910265	4
GTCTG	1101995	1.2914541	20.759077	1
GGAAG	2854195	1.2681189	8.705574	7
GGAAA	4056480	1.2493318	9.2976265	7
AGGGC	1454205	1.2473006	24.368155	4
GGAGC	1453570	1.246756	5.039074	8
CACAG	1554980	1.237211	23.285122	7
ACCTG	1099495	1.2281829	25.639408	1
ATCCC	813125	1.2154818	45.46839	5
GATGC	1449840	1.2102318	21.605614	1
GTGCA	1446145	1.2071475	14.955307	2
TGGCA	1437670	1.2000731	8.015855	1
GAGCT	1431060	1.1945555	6.8988047	1
TCGCT	761145	1.1936804	11.680098	1
GGTTG	1355060	1.1866881	5.958733	7
GGCAC	1031815	1.1843189	14.94114	6
TCACA	1503355	1.1640818	22.720083	6
TGGGA	1863830	1.1626084	25.109133	4
TCATG	1430265	1.161898	10.282839	1
TCCAA	1487240	1.1516036	5.1285605	6
GGGCG	925045	1.1446067	13.464491	5
CGCAG	985285	1.1309117	14.211191	1
AGCAG	1894730	1.1265357	8.949538	1
GATGG	1800905	1.1233574	18.795218	2
ATGCT	1370165	1.1130749	8.150406	1
ATGCA	1910820	1.1056571	15.318684	2
AAGCT	1907560	1.1037706	8.369589	1
AATGC	1892535	1.0950767	26.9717	1
AACTG	1885880	1.091226	9.299231	1
CCGCA	707090	1.0860826	8.634187	1
ATCAC	1397160	1.0818527	29.010134	5
AGTGC	1287210	1.0744789	27.589952	1
GGATT	1761160	1.0691262	5.802177	7
ACAGG	1782765	1.0599655	25.21122	2
CAATG	1816500	1.0510807	7.880937	7
GGTTC	896705	1.05087	5.3368278	7
CGGCT	650180	1.0477347	16.449179	1
GGATG	1677225	1.0462091	7.510816	7
AGGCT	1233280	1.0294616	10.806656	1
GACTG	1228260	1.0252713	13.560991	1
ATCTG	1261355	1.0246813	13.133706	1
AGCAT	1762505	1.0198375	23.415148	2
TCTCG	645310	1.0120199	10.304057	5
AAGGG	2254330	1.0015988	11.898035	6
ATCCA	1281530	0.9923177	11.895758	5
CTCGG	614800	0.9907213	20.09581	6
TTCTA	1249875	0.98814595	8.842655	5
AAGCA	2365135	0.97477794	5.8118315	1
TACTG	1189505	0.9663129	19.406797	1
CCGCT	446755	0.963404	10.111216	1
GGAAC	1612715	0.9588601	5.565967	7
TCAAT	1679180	0.9455857	7.6970534	6
ACCAG	1188035	0.9452533	10.397903	1
GGGTA	1513535	0.9441036	15.570394	6
CGCAT	845155	0.9440744	33.932377	2
CGGGG	759545	0.93982476	33.785847	8
GGACG	1088970	0.9340313	5.0103784	7
TTGGG	1056755	0.92544866	6.5512085	7
CGGCA	806015	0.9251454	13.014483	1
GCGCT	571395	0.92077637	11.3916235	1
GGATC	1083355	0.90431404	6.3310494	7
GGACA	1504290	0.89439464	5.603452	7
AGGGA	2012260	0.89404714	7.7038264	4
TATGC	1099825	0.89346	25.027306	1
TCGCA	792995	0.88580936	9.164212	1
ACATG	1527155	0.8836571	6.9110904	1
AGGCA	1483100	0.8817958	7.429522	1
CACGG	756885	0.8687538	23.432892	6
ATCAG	1474075	0.8529435	6.7833	1
AATGG	1971580	0.8524987	6.989091	2
GGACT	1020400	0.8517633	5.1392465	7
CGGGC	510190	0.8447858	13.726209	8
TATGG	1363275	0.827587	16.399416	2
GTCAG	987060	0.82393324	7.4299808	1
CGATG	982075	0.8197721	8.170629	1
GCGCA	677545	0.7776873	7.6799936	1
CTATG	949405	0.77126396	14.118523	7
TCTAT	970365	0.76716644	13.748225	6
TCACG	652430	0.72879225	10.0209055	5
TCGGG	603600	0.7268513	16.84613	7
AGGGT	1158365	0.7225578	7.7544155	4
ACGGG	832125	0.7137303	23.780268	7
ACTCG	623225	0.69616896	6.5700912	5
TACAG	1187695	0.6872355	7.802255	1
ACGCT	605330	0.6761796	11.287999	1
TAGCA	1166165	0.6747776	6.2137184	1
TAGCT	826755	0.67162734	7.7706842	1
ACACG	758185	0.6032456	9.104014	5
ACGCA	744525	0.5923771	7.9984765	1
ATCTA	926255	0.52159595	6.414216	5
CTAGG	439055	0.36649448	5.953753	6
TAGGG	581710	0.36285552	7.270318	7
>>END_MODULE
