##FastQC	0.10.1
>>Basic Statistics	pass
#Measure	Value	
Filename	Acer-068_S42_L001_R1_001.fastq.gz	
File type	Conventional base calls	
Encoding	Sanger / Illumina 1.9	
Total Sequences	8880017	
Filtered Sequences	0	
Sequence length	101	
%GC	39	
>>END_MODULE
>>Per base sequence quality	pass
#Base	Mean	Median	Lower Quartile	Upper Quartile	10th Percentile	90th Percentile
1	36.18145201749051	37.0	37.0	37.0	37.0	37.0
2	36.27571794063007	37.0	37.0	37.0	37.0	37.0
3	36.237996053385935	37.0	37.0	37.0	37.0	37.0
4	36.26264893411803	37.0	37.0	37.0	37.0	37.0
5	36.41623523918929	37.0	37.0	37.0	37.0	37.0
6	36.464366791189704	37.0	37.0	37.0	37.0	37.0
7	36.49000457994619	37.0	37.0	37.0	37.0	37.0
8	36.46887185013272	37.0	37.0	37.0	37.0	37.0
9	36.49612191057742	37.0	37.0	37.0	37.0	37.0
10-14	36.39058407208004	37.0	37.0	37.0	37.0	37.0
15-19	36.34399855315591	37.0	37.0	37.0	37.0	37.0
20-24	36.33673557156478	37.0	37.0	37.0	37.0	37.0
25-29	36.24163278065797	37.0	37.0	37.0	37.0	37.0
30-34	36.18638493597478	37.0	37.0	37.0	37.0	37.0
35-39	36.13049833125319	37.0	37.0	37.0	37.0	37.0
40-44	36.04232996400795	37.0	37.0	37.0	37.0	37.0
45-49	35.932768169250124	37.0	37.0	37.0	37.0	37.0
50-54	35.874791005467664	37.0	37.0	37.0	37.0	37.0
55-59	35.77335565911642	37.0	37.0	37.0	37.0	37.0
60-64	35.62511375822817	37.0	37.0	37.0	37.0	37.0
65-69	35.5276948906742	37.0	37.0	37.0	37.0	37.0
70-74	35.39097654880616	37.0	37.0	37.0	37.0	37.0
75-79	35.255879847977766	37.0	37.0	37.0	32.2	37.0
80-84	35.04245928808469	37.0	37.0	37.0	25.0	37.0
85-89	34.97686222897996	37.0	37.0	37.0	25.0	37.0
90-94	34.87801572902394	37.0	37.0	37.0	25.0	37.0
95-99	34.700892914957265	37.0	37.0	37.0	25.0	37.0
100-101	34.55061606300979	37.0	37.0	37.0	25.0	37.0
>>END_MODULE
>>Per sequence quality scores	pass
#Quality	Count
15	13.0
16	31.0
17	113.0
18	169.0
19	345.0
20	656.0
21	1587.0
22	3676.0
23	9032.0
24	15461.0
25	24730.0
26	35136.0
27	50462.0
28	69681.0
29	99332.0
30	134147.0
31	185535.0
32	244410.0
33	339807.0
34	476118.0
35	840526.0
36	4877317.0
37	1471733.0
>>END_MODULE
>>Per base sequence content	fail
#Base	G	A	T	C
1	20.935227184266083	29.915787915462786	25.786003676892637	23.362981223378494
2	29.570613744343866	26.821938747689888	21.424090748702938	22.183356759263305
3	19.969260060049642	13.826069554744988	26.379183961355245	39.82548642385012
4	26.311363803490785	18.03420063331003	35.467253362636605	20.18718220056259
5	47.37688535696332	13.416766366186728	12.725832926427161	26.480515350422788
6	47.40183492891962	7.29846575744168	20.096785850747807	25.20291346289089
7	47.614759225923855	14.160228513384846	18.171419948524804	20.05359231216649
8	58.20712670047592	13.510800771260046	12.168212797862706	16.113859730401327
9	47.73864960992017	25.189763925039717	7.575218902934047	19.49636756210607
10-14	41.4371751038886	29.045099182742547	16.524320448742728	12.993405264626126
15-19	21.994480827887077	42.192490840325206	20.130960123108732	15.682068208678984
20-24	20.60978414629598	43.11435350825557	21.53113850806368	14.744723837384768
25-29	19.316740834247785	42.90476812313685	22.17494308883835	15.603547953777014
30-34	19.395006977152683	42.36119405358348	21.676963945675844	16.566835023587995
35-39	19.33074980626475	42.297188466656245	21.82380665515918	16.548255071919826
40-44	19.279634657846685	42.150683818333974	21.75880551184415	16.810876011975186
45-49	19.648549337119206	42.11810364094285	21.525308606786915	16.70803841515103
50-54	19.79696392985931	41.85837210325811	21.476063054062394	16.86860091282018
55-59	19.423170586896592	41.95225630424038	21.42182430203198	17.20274880683105
60-64	19.404021280118368	42.73188786444558	21.29340216916054	16.570688686275506
65-69	19.861072454932977	42.47993578243111	21.11263168129948	16.546360081336427
70-74	19.539194797731938	42.42850525010224	21.335108540332254	16.697191411833572
75-79	19.300798112398475	42.68941368012879	21.692164420226668	16.317623787246067
80-84	19.2836089955294	42.832557302012354	21.86761029913139	16.016223403326865
85-89	19.55294115209328	42.71116929327233	21.433879663466787	16.302009891167607
90-94	19.55150986760498	42.85898101321202	21.166171190888488	16.423337928294508
95-99	20.001497744880442	42.29187624302971	21.285646187389055	16.420979824700783
100-101	19.790299951002346	42.241208547235885	21.478956628123573	16.489534873638192
>>END_MODULE
>>Per base GC content	fail
#Base	%GC
1	44.29820840764457
2	51.75397050360717
3	59.794746483899765
4	46.498546004053374
5	73.8574007073861
6	72.60474839181052
7	67.66835153809035
8	74.32098643087724
9	67.23501717202623
10-14	54.430580368514725
15-19	37.676549036566065
20-24	35.35450798368075
25-29	34.9202887880248
30-34	35.96184200074068
35-39	35.87900487818458
40-44	36.090510669821875
45-49	36.35658775227024
50-54	36.66556484267949
55-59	36.62591939372765
60-64	35.974709966393874
65-69	36.407432536269404
70-74	36.23638620956551
75-79	35.618421899644545
80-84	35.29983239885626
85-89	35.85495104326088
90-94	35.97484779589949
95-99	36.42247756958123
100-101	36.27983482464054
>>END_MODULE
>>Per sequence GC content	fail
#GC Content	Count
0	1066.0
1	941.5
2	785.0
3	2129.0
4	16575.0
5	68833.0
6	155899.0
7	229891.0
8	255967.0
9	237783.5
10	190352.0
11	131245.5
12	81718.5
13	51203.5
14	34934.5
15	26490.0
16	21891.0
17	18909.5
18	16616.0
19	15305.0
20	14544.5
21	14120.5
22	14183.5
23	14914.5
24	16768.5
25	19459.5
26	23272.5
27	29254.0
28	37725.0
29	48702.5
30	62710.5
31	80126.0
32	100385.0
33	120094.0
34	139636.5
35	162249.5
36	186438.0
37	210157.5
38	235091.5
39	257673.0
40	277722.0
41	295334.0
42	304330.5
43	306761.5
44	308760.0
45	311306.0
46	312522.0
47	310804.0
48	297513.0
49	268786.0
50	239367.5
51	222135.5
52	210838.5
53	194707.5
54	176940.0
55	166222.5
56	161073.0
57	153590.5
58	144326.5
59	134251.0
60	119819.0
61	104295.0
62	89533.0
63	76580.5
64	66388.5
65	55190.0
66	42750.5
67	33243.5
68	28559.5
69	27411.5
70	26959.0
71	25178.0
72	19870.5
73	11673.5
74	5115.5
75	2041.5
76	851.0
77	472.5
78	363.0
79	250.5
80	161.5
81	111.0
82	66.0
83	51.5
84	49.5
85	39.5
86	23.0
87	14.5
88	10.5
89	13.5
90	13.5
91	13.5
92	14.5
93	14.0
94	18.5
95	16.5
96	11.5
97	11.0
98	11.0
99	6.0
100	0.0
>>END_MODULE
>>Per base N content	pass
#Base	N-Count
1	0.039414338959035775
2	0.04293910698594383
3	0.004099091251739721
4	6.75674382154899E-5
5	1.126123970258165E-5
6	0.0
7	1.351348764309798E-4
8	3.378371910774495E-5
9	0.0018918882700337172
10-14	2.770264966835086E-4
15-19	6.981968615600623E-4
20-24	2.927922322671229E-5
25-29	4.121613731144884E-4
30-34	3.7837765400674345E-4
35-39	0.0012972948137374063
40-44	6.328816712850888E-4
45-49	0.00140540271488219
50-54	0.002204950733765487
55-59	0.00529053041227286
60-64	3.2432370343435157E-4
65-69	0.005103593833210004
70-74	0.016081050295286597
75-79	0.005808547438591615
80-84	6.75674382154899E-5
85-89	1.554051078956268E-4
90-94	0.0
95-99	0.0
100-101	0.0
>>END_MODULE
>>Sequence Length Distribution	pass
#Length	Count
101	8880017.0
>>END_MODULE
>>Sequence Duplication Levels	fail
#Total Duplicate Percentage	82.93318437094634
#Duplication Level	Relative count
1	100.0
2	32.82077191749226
3	20.04481251235639
4	16.191815126419613
5	14.728818399490368
6	14.616787118599389
7	15.194517057311689
8	15.875491509786261
9	15.695362783647827
10++	194.16998001010478
>>END_MODULE
>>Overrepresented sequences	pass
>>END_MODULE
>>Kmer Content	fail
#Sequence	Count	Obs/Exp Overall	Obs/Exp Max	Max Obs/Exp Position
AAAAA	133869220	15.904163	18.650759	65-69
CTGGG	4366485	12.615703	592.1809	3
CCTGG	2268125	8.738589	408.16635	5
TGGGG	4026800	8.724584	400.89212	4
TTTTT	2859645	7.9799724	10.186415	40-44
GGGGG	3681670	7.487785	223.42102	5
TGCCT	1624720	6.668513	434.0904	3
GCCTG	1672595	6.444143	407.44455	4
GCTTC	1546335	6.346789	335.06226	3
GGGGA	4020675	4.6335278	118.66444	5
TTTTC	1322745	4.620448	6.0432534	50-54
CAGGG	2911870	4.4748616	164.05185	3
CTTCT	1021385	4.4659734	123.01716	4
CTGCC	843680	4.3345795	163.77983	2
CTTCC	778395	4.2603517	145.0076	4
TCTCT	969450	4.2388897	112.48196	6
TTCTT	1205775	4.2118626	5.152276	60-64
CTCTG	994900	4.0834756	105.21385	7
CTTTT	1156295	4.0390253	4.9339447	50-54
TTTTG	1540600	4.0355525	5.0521235	95-97
TTTCT	1134285	3.9621427	4.920395	55-59
TCTTT	1132710	3.9566412	4.8730607	60-64
GCTGG	1362970	3.9379098	207.58707	2
TTGCC	946300	3.8840008	150.85812	2
TTCTC	885950	3.873788	91.28565	5
TCTGG	1257270	3.8697615	119.72372	2
GTGCC	957520	3.689115	186.21	2
GGGGC	1356085	3.6778183	58.961094	5
TTTGT	1396350	3.6576936	4.5567307	20-24
CCGTC	698820	3.5903313	12.851452	50-54
CTCTT	813485	3.5569375	4.747868	55-59
GTTTT	1352570	3.543014	4.248509	90-94
CCCTG	687585	3.532609	102.7661	7
TCTTC	796295	3.4817743	4.2520156	30-34
CTTTC	789000	3.4498773	4.513473	75-79
TGGGC	1185675	3.425667	117.1084	4
TTCCC	612775	3.3538716	93.87905	5
TCTCC	609255	3.3346057	9.709586	50-54
CCAGG	1614855	3.3092995	145.95993	5
TCCCT	603220	3.3015747	109.44329	6
TTGTT	1257980	3.2952387	4.0539284	20-24
TGCCA	1506490	3.2888565	154.892	3
TGCTG	1062385	3.2699234	60.045593	1
GCATC	1497310	3.2688153	185.71179	3
GGGGT	1507905	3.2670712	79.97853	5
GGCTT	1053965	3.2440073	72.52417	2
TTTGC	983915	3.2261856	33.180435	1
TGTTT	1229085	3.2195492	3.9660206	20-24
TTTCC	733625	3.2077518	3.9826887	80-84
TGCTT	951930	3.1213095	55.7167	2
CTCCG	593625	3.0498705	10.877749	45-49
GCTGC	791230	3.0484362	26.205435	1
CTTTG	925710	3.035336	3.707419	70-74
TCTGC	712785	2.92556	45.51217	1
CTTGC	685510	2.8136125	43.45421	1
AGGGG	2437035	2.808501	98.26015	4
TCCGT	682265	2.8002934	9.300122	50-54
CTTGG	887825	2.7326436	10.292238	6
TTGCT	831865	2.727625	10.981629	1
TTCTG	831820	2.7274776	30.008495	1
CTTCA	1155165	2.6865745	63.744125	4
TCCTG	650695	2.670718	62.011707	1
GCCAG	1301915	2.6679955	145.4757	4
GGGCT	913450	2.639151	31.436754	5
GGGCA	1717320	2.6391184	54.12012	5
ATGCC	1165475	2.544378	132.19434	2
GTCTC	616285	2.5294847	7.374806	50-54
GGCTG	864015	2.4963229	47.048412	1
CTGCT	604410	2.4807448	14.045121	1
GTCCC	482425	2.4785576	8.047474	55-59
TGGCT	795240	2.4476757	15.949611	1
CGTGC	624285	2.4052336	49.429962	1
CCTGC	467520	2.4019802	27.25932	1
CGCTG	614780	2.368613	83.08393	1
GGCCC	490270	2.3644404	6.2051096	8
GGCTC	599900	2.3112836	10.979335	6
ATGGG	1858005	2.2810552	87.67998	3
CATCT	974415	2.266203	70.792206	4
CACTG	1037735	2.2655056	55.46751	7
GGGCC	620980	2.2458246	18.86697	5
CGCTT	545750	2.2399805	71.61948	2
TGTGC	725220	2.2321608	43.64929	1
CATCC	753875	2.1946883	79.00128	4
ACTGG	1312470	2.1486874	74.59555	2
CATGG	1302705	2.1327007	42.259117	5
GGGTG	981625	2.1268177	19.132284	6
CGTCC	409205	2.1023748	7.4384055	55-59
GTCTG	661635	2.0364516	31.673632	1
TGCAT	1164940	2.0317183	44.95086	3
GGTGC	701125	2.0256991	38.57944	1
TGGGT	851545	1.965479	48.72767	4
TTCAC	842950	1.9604541	48.299736	5
GTTGC	634825	1.9539332	27.503967	1
AGCTT	1114175	1.9431814	41.76162	2
GGGAA	2968745	1.938608	35.764656	6
CCCAG	708675	1.9366202	39.935547	7
GGTTT	786255	1.9333049	6.20217	7
GTGCT	625490	1.9252007	13.127503	1
GGGTT	831205	1.9185315	21.006437	6
TCACT	813440	1.8918225	59.15441	6
GGCCT	488145	1.880716	5.8166556	6
TCCCG	363905	1.8696368	6.948496	50-54
GGGTC	644280	1.861462	22.50567	5
TTGCA	1065540	1.8583593	18.097662	2
TCCCA	636600	1.8532764	42.56634	6
CTGCA	840345	1.8345784	12.339	2
CCCGT	356060	1.8293313	10.43789	55-59
TTCCA	784840	1.8253073	21.290098	5
CATGC	826465	1.8042767	36.184044	1
GGGAC	1142040	1.7550479	22.293232	6
GGCAT	1070200	1.7520592	39.840797	2
ATCTC	751385	1.7475008	53.533157	5
GCAGG	1129770	1.7361919	49.088203	2
TCGCT	420695	1.7267036	18.376198	1
GGGAG	1472335	1.6967562	17.731045	6
TCTCA	719245	1.6727526	42.031597	6
CAGCT	765285	1.670713	10.484226	1
AGCTG	1017700	1.6661098	24.102186	1
GTCGG	575915	1.6639408	6.466776	95-97
GGTTG	716915	1.6547347	7.138337	7
GGGAT	1347285	1.6540494	22.831806	6
TGCAG	1004005	1.6436893	17.732363	1
CCATG	747155	1.631133	29.904749	7
GGTGG	749860	1.6246687	5.571142	7
GGGCG	594775	1.6130805	16.956509	5
GCATG	983615	1.610308	41.985363	4
CTCAG	718985	1.5696343	39.473843	7
GGCAG	1019770	1.5671476	10.877564	6
CGGCT	404360	1.5579107	24.9263	1
GGCGG	574280	1.5574963	5.693913	6
GAGCT	949450	1.5543753	8.132332	1
GGTCT	504695	1.5534048	6.7754126	6
TCTCG	375605	1.5416362	14.359505	5
TCCAT	660830	1.5368965	31.872503	6
ACTGC	687950	1.5018811	31.687927	1
ATTGC	843535	1.4711708	30.87066	1
TCAGG	891945	1.4602321	41.39846	2
GGTTC	471130	1.4500947	6.6545024	7
TGATG	1088195	1.4232194	5.1534743	1
TGGGA	1151610	1.4138207	36.963646	4
CTCGG	363230	1.3994458	25.998377	6
TTCAG	798395	1.3924441	11.41555	1
TCCAG	634610	1.3854332	16.431013	1
ATCCC	475410	1.3840184	51.163773	5
CCGCT	268845	1.3812464	14.708213	1
GATGC	836050	1.3687246	25.351358	1
GCGCT	353975	1.3637882	16.215466	1
AGGGC	883555	1.357817	25.772198	4
GTGCA	819770	1.3420721	18.75076	2
TTCAA	1357695	1.3417343	6.563555	5
CAAGG	1532115	1.3341458	15.442374	5
TTCTA	714235	1.3270192	13.508542	5
CATCA	1063780	1.3159361	34.63245	4
TTGGG	564595	1.3031603	11.576712	7
ACCTG	596290	1.3017758	28.628702	1
TCATG	736020	1.2836587	13.468402	1
GGTCC	331690	1.2779291	8.378376	6
TGGCA	779700	1.2764722	9.21304	1
CGGGC	345440	1.2493118	16.715149	8
CGCAG	602745	1.2351966	14.561288	1
TCGGG	425730	1.2300245	22.260826	7
ATGCT	702230	1.224727	10.712923	1
GGCAC	596560	1.2225219	15.348082	6
GGACG	794940	1.2216365	5.431702	7
TGCAA	1311305	1.2164432	16.313221	3
GATGG	983010	1.2068322	22.94916	2
AGTGC	729015	1.1934942	32.223392	1
CGGGG	437775	1.1872832	40.995052	8
GGATT	907420	1.1867889	5.884904	7
ATCTG	671700	1.1714813	16.105364	1
GCAAG	1336685	1.163968	15.30785	4
CCGCA	421960	1.1531045	9.420283	1
GGATG	936950	1.1502848	8.19449	7
GGATC	683025	1.1182024	6.8972116	7
CGCAT	508495	1.1101083	39.89069	2
AGGCT	671845	1.0998992	12.111087	1
CAGCA	943485	1.0955741	5.46212	1
GGCAA	1247630	1.0864202	10.133763	6
GGAAG	1641910	1.0721769	7.415025	7
ATGCA	1153720	1.0702581	15.327864	2
TACTG	609435	1.0628877	24.652	1
GACTG	648995	1.0624908	15.64564	1
CACAG	895105	1.0393955	19.868052	7
CCAAG	886870	1.029833	5.235637	7
GCACT	471335	1.0289834	5.266285	7
TCACA	814120	1.0070974	21.196241	6
TATGC	576710	1.0058135	31.607147	1
AAGGG	1523595	0.99491656	11.676854	3
GGGTA	809255	0.9935149	14.715313	6
GGAAA	2674430	0.989584	11.940904	7
CGATG	604030	0.9888772	9.913912	1
AGCAG	1135070	0.9884043	7.502331	1
CGGCA	476615	0.97672033	14.096768	1
TCCAA	777445	0.96172893	5.6471715	6
CACGG	466055	0.9550799	23.530478	6
TCGCA	434720	0.9490482	11.081874	1
AACTG	1018930	0.94521916	8.839722	1
TATGG	721465	0.9435836	23.175673	2
AATGC	1016970	0.9434008	25.177357	1
TCTAT	500045	0.9290631	20.034275	6
AGGGA	1418505	0.9262922	9.134375	4
ATCAC	745575	0.9223046	27.076944	5
AAGCT	993405	0.9215407	8.002217	1
ACAGG	1056095	0.9196338	21.833426	2
CAATG	979595	0.90872955	8.672563	7
CTATG	519065	0.9052775	18.797586	7
TTATG	642390	0.89503515	5.7003727	1
GGACT	546335	0.8944227	5.575252	7
AGGGT	715865	0.8788609	10.820459	4
GCGCA	424470	0.86986035	8.220131	1
AGCAT	931580	0.8641881	22.139997	2
GTCAG	523865	0.85763645	8.515348	1
ATCCA	679225	0.84022707	11.7105055	5
TCAAT	843300	0.83338636	9.272042	6
ACATG	897290	0.8323786	6.6626606	1
ACGCT	370005	0.8077672	13.156676	1
AGGCA	922700	0.8034752	6.4266443	1
GAAAA	3818570	0.80062014	5.5781837	8
TCACG	360680	0.78740966	10.942132	5
ACCAG	668565	0.7763373	8.8731985	1
ACTCG	352750	0.77009743	7.0703006	5
AATGG	1069095	0.7437201	8.11815	2
TAGCT	415785	0.72515154	9.983209	1
ATCAG	770470	0.7147331	6.4843535	1
GGCTA	424155	0.6943979	5.281484	6
ACGGG	446905	0.68678826	25.105225	7
GGTAT	520670	0.68096954	5.545561	6
GTATG	520325	0.6805183	5.844159	1
CGGGT	207555	0.59967047	6.0615706	8
TAGCA	641210	0.5948239	5.849921	1
GGTAC	361355	0.591586	5.905544	6
TACAG	618595	0.57384497	7.5677056	1
ACGCA	453275	0.52634263	6.8075004	1
ACACG	450450	0.5230622	7.4993906	5
ATCTA	512000	0.505981	7.3696814	5
CTAGG	246550	0.40363503	7.4418745	6
TAGGG	322885	0.39640287	9.7074	7
>>END_MODULE
