##FastQC	0.10.1
>>Basic Statistics	pass
#Measure	Value	
Filename	Acer-106_S57_L001_R1_001.fastq.gz	
File type	Conventional base calls	
Encoding	Sanger / Illumina 1.9	
Total Sequences	11865741	
Filtered Sequences	0	
Sequence length	101	
%GC	43	
>>END_MODULE
>>Per base sequence quality	pass
#Base	Mean	Median	Lower Quartile	Upper Quartile	10th Percentile	90th Percentile
1	36.2211101691837	37.0	37.0	37.0	37.0	37.0
2	36.32508311111796	37.0	37.0	37.0	37.0	37.0
3	36.29487901345563	37.0	37.0	37.0	37.0	37.0
4	36.31157615862338	37.0	37.0	37.0	37.0	37.0
5	36.467520317525896	37.0	37.0	37.0	37.0	37.0
6	36.509166431325276	37.0	37.0	37.0	37.0	37.0
7	36.53329294816059	37.0	37.0	37.0	37.0	37.0
8	36.5252787836849	37.0	37.0	37.0	37.0	37.0
9	36.53800137724227	37.0	37.0	37.0	37.0	37.0
10-14	36.41536885054207	37.0	37.0	37.0	37.0	37.0
15-19	36.334720402206656	37.0	37.0	37.0	37.0	37.0
20-24	36.3225717803886	37.0	37.0	37.0	37.0	37.0
25-29	36.23963499624676	37.0	37.0	37.0	37.0	37.0
30-34	36.20247342327799	37.0	37.0	37.0	37.0	37.0
35-39	36.171568888955186	37.0	37.0	37.0	37.0	37.0
40-44	36.12319053652023	37.0	37.0	37.0	37.0	37.0
45-49	36.074634091541355	37.0	37.0	37.0	37.0	37.0
50-54	36.04722858858962	37.0	37.0	37.0	37.0	37.0
55-59	35.990013249067204	37.0	37.0	37.0	37.0	37.0
60-64	35.92429157184536	37.0	37.0	37.0	37.0	37.0
65-69	35.87122884276675	37.0	37.0	37.0	37.0	37.0
70-74	35.793379528509845	37.0	37.0	37.0	37.0	37.0
75-79	35.73889374460474	37.0	37.0	37.0	37.0	37.0
80-84	35.65441817750783	37.0	37.0	37.0	37.0	37.0
85-89	35.61539895401391	37.0	37.0	37.0	37.0	37.0
90-94	35.5401911941277	37.0	37.0	37.0	37.0	37.0
95-99	35.44812429329109	37.0	37.0	37.0	37.0	37.0
100-101	35.33854320602481	37.0	37.0	37.0	37.0	37.0
>>END_MODULE
>>Per sequence quality scores	pass
#Quality	Count
15	13.0
16	36.0
17	111.0
18	173.0
19	287.0
20	543.0
21	1267.0
22	2831.0
23	6677.0
24	12747.0
25	22763.0
26	33961.0
27	50913.0
28	69783.0
29	100673.0
30	134072.0
31	180986.0
32	234144.0
33	322558.0
34	463674.0
35	944798.0
36	7241645.0
37	2041086.0
>>END_MODULE
>>Per base sequence content	fail
#Base	G	A	T	C
1	21.016846580595534	29.699962279873894	25.788914667025036	23.494276472505536
2	29.723323343983694	26.479997018708616	21.25426368510548	22.542415952202212
3	20.052017226703075	12.608952154602074	26.560542084903037	40.778488533791815
4	26.47595613991619	17.4145429881612	35.83571582435875	20.27378504756386
5	47.73515619462788	13.03948906351487	12.601421183894034	26.623933557963213
6	47.74126622180612	6.570006879469221	20.187529796917023	25.501197101807634
7	47.9805864320772	13.507277517541706	18.37055511666294	20.14158093371815
8	59.867686296851275	11.815832809416015	11.680325036618028	16.636155857114684
9	48.60819919755777	23.9007251848148	7.9682512205315446	19.52282439709589
10-14	43.037957038827244	26.030731444834952	17.253301058370752	13.67801045796705
15-19	24.324060560759534	36.89721323297923	22.26889526852927	16.509830937731962
20-24	23.30018073886344	36.25531256462936	24.40016794572744	16.044338750779765
25-29	21.781924787155162	35.55843968903273	25.53920102048883	17.12043450332328
30-34	21.665257224679614	34.83622459405812	25.06295968254283	18.435558498719434
35-39	21.8529917180688	34.374791308312524	25.0910405635118	18.681176410106872
40-44	21.681582610701	34.282000667168404	25.22091926070621	18.815497461424386
45-49	21.804825296908298	34.25707500857016	25.175977028283853	18.762122666237683
50-54	22.131994314466972	34.16417120724567	24.940766427071438	18.763068051215914
55-59	21.80089317670223	34.336075530086525	25.02902332925656	18.834007963954686
60-64	21.67811498284274	34.69303069260736	25.039702236973007	18.589152087576903
65-69	21.871840950405286	34.450391362271354	25.038293757723057	18.639473929600303
70-74	21.653554955018286	34.49914829294879	25.202423401364538	18.64487335066839
75-79	21.514223270287697	34.817241644243154	25.23772200993349	18.430813075535657
80-84	21.689509361646213	34.82734687385869	25.22255008320767	18.260593681287435
85-89	21.701010564240494	34.74876163514827	25.146889433059293	18.403338367551942
90-94	21.613547775903754	34.93149226837161	25.165489454050956	18.289470501673684
95-99	22.025911403257496	34.68619616760555	25.087673833433584	18.20021859570338
100-101	21.795356059094832	34.760589330240734	25.189800620121407	18.254253990543027
>>END_MODULE
>>Per base GC content	fail
#Base	%GC
1	44.51112305310107
2	52.2657392961859
3	60.83050576049489
4	46.74974118748005
5	74.35908975259109
6	73.24246332361376
7	68.12216736579536
8	76.50384215396595
9	68.13102359465366
10-14	56.71596749679429
15-19	40.8338914984915
20-24	39.344519489643204
25-29	38.902359290478444
30-34	40.100815723399045
35-39	40.53416812817567
40-44	40.497080072125385
45-49	40.566947963145985
50-54	40.89506236568289
55-59	40.634901140656915
60-64	40.267267070419635
65-69	40.511314880005585
70-74	40.29842830568667
75-79	39.945036345823354
80-84	39.95010304293364
85-89	40.10434893179243
90-94	39.90301827757744
95-99	40.22612999896087
100-101	40.04961004963786
>>END_MODULE
>>Per sequence GC content	fail
#GC Content	Count
0	647.0
1	582.5
2	456.5
3	921.0
4	6222.0
5	25584.0
6	59835.0
7	91898.5
8	107729.5
9	106259.0
10	90576.0
11	67212.0
12	45427.0
13	30405.5
14	21490.5
15	16513.0
16	13589.0
17	12048.0
18	11200.0
19	10675.5
20	10646.0
21	11017.5
22	11997.5
23	13921.0
24	16689.0
25	21066.0
26	27428.5
27	36586.0
28	49714.0
29	66106.0
30	88151.0
31	117043.0
32	148935.0
33	182466.0
34	219374.5
35	259588.0
36	300239.0
37	341159.5
38	380853.5
39	418793.5
40	456446.0
41	489910.5
42	514010.0
43	528083.0
44	536494.0
45	537878.0
46	527485.5
47	506465.0
48	470812.0
49	422729.5
50	378859.0
51	344344.5
52	314235.5
53	282804.5
54	252260.5
55	228921.5
56	211090.0
57	196188.5
58	184450.5
59	172391.0
60	156721.0
61	138758.5
62	118822.0
63	99494.0
64	82508.5
65	65862.5
66	50598.0
67	37461.0
68	28270.5
69	23930.0
70	20255.5
71	16589.5
72	12399.5
73	7677.5
74	4166.5
75	2370.5
76	1502.5
77	793.5
78	310.5
79	109.0
80	72.0
81	70.0
82	60.0
83	53.0
84	42.5
85	33.5
86	26.5
87	23.5
88	24.5
89	18.0
90	12.0
91	12.0
92	11.5
93	12.0
94	12.0
95	14.5
96	14.5
97	12.5
98	18.5
99	14.0
100	2.0
>>END_MODULE
>>Per base N content	pass
#Base	N-Count
1	0.03960140373871299
2	0.04305672945330595
3	0.003716582049110966
4	7.584861324716256E-5
5	0.0
6	0.0
7	1.601248501884543E-4
8	8.427623694129174E-6
9	0.0018035114705436434
10-14	2.6462738399565605E-4
15-19	6.522980739255981E-4
20-24	2.5282871082387522E-5
25-29	4.6351930317710453E-4
30-34	4.399219568335429E-4
35-39	0.0012725711778135054
40-44	6.000468070219972E-4
45-49	0.0013332500684112352
50-54	0.0021675848141300236
55-59	0.005316145026256683
60-64	3.101365519439536E-4
65-69	0.00524029641300952
70-74	0.016181037492728013
75-79	0.005594256608162946
80-84	6.23644153365559E-5
85-89	1.1293015750133092E-4
90-94	0.0
95-99	0.0
100-101	0.0
>>END_MODULE
>>Sequence Length Distribution	pass
#Length	Count
101	1.1865741E7
>>END_MODULE
>>Sequence Duplication Levels	fail
#Total Duplicate Percentage	78.17918506105698
#Duplication Level	Relative count
1	100.0
2	47.81545124616526
3	40.73546808894592
4	39.07324604495418
5	35.03097868586209
6	29.9059611412989
7	24.14131895013334
8	18.861909249493714
9	14.286287169410302
10++	51.16796663525354
>>END_MODULE
>>Overrepresented sequences	pass
>>END_MODULE
>>Kmer Content	fail
#Sequence	Count	Obs/Exp Overall	Obs/Exp Max	Max Obs/Exp Position
AAAAA	65921750	14.9668665	18.230211	95-97
CTGGG	6182675	8.15379	376.82037	3
CCTGG	3252670	5.6939254	257.98846	5
TGGGG	5709025	5.6722646	259.07166	4
GGGGG	5539930	5.4113007	158.88655	5
TTTTT	4066795	4.3254895	5.2996674	80-84
GCCTG	2367815	4.1449523	257.36118	4
TGCCT	2292095	4.0813284	261.95764	3
GGGGA	5283655	3.8547194	94.846855	5
GCTTC	2153490	3.8345265	195.65584	3
CAGGG	3922885	3.7988536	139.81557	3
CCAGG	2252820	2.895757	121.54264	5
TGCCA	2121960	2.7744057	123.173386	3
GCATC	2119995	2.7718363	148.37189	3
GCTGG	2042210	2.6932924	132.57762	2
CTTCC	1128995	2.6683915	85.289734	4
CTTCT	1470225	2.6628692	70.143425	4
CTGCC	1130145	2.6259992	101.37818	2
GGGGC	1984315	2.5727444	39.477657	5
CTCTG	1434565	2.5544014	65.17685	7
AGGGG	3410850	2.4884045	86.40814	4
GGGCA	2565375	2.4842646	52.320503	5
TTGCC	1392700	2.479856	88.13259	2
TCTCT	1346575	2.4389145	66.47303	6
TTCTC	1340905	2.428645	53.651443	5
TCTGG	1805545	2.4220808	73.34544	2
GGGGT	2399415	2.383965	57.520233	5
GCCAG	1846990	2.3741062	121.121994	4
CCCTG	1018400	2.366349	66.14622	7
TGGGC	1755885	2.3156836	77.47357	4
GTGCC	1322180	2.3145275	115.02957	2
CTTCA	1729180	2.299694	47.306427	4
TGCTG	1688285	2.2647803	37.191113	1
ATGCC	1686005	2.2044063	109.34225	2
TTCCC	898785	2.1242878	56.124283	5
TTTGC	1541000	2.102713	18.279522	1
GCTGC	1190860	2.0846467	16.299213	1
TCCCT	874105	2.0659564	67.29626	6
TGCTT	1492475	2.0365002	30.950802	2
CACTG	1521540	1.9893725	44.613625	7
GGCTT	1476670	1.9809054	42.70256	2
TTGCT	1396445	1.9054662	6.226296	1
ACTGG	1931650	1.9027098	61.103413	2
GGGAA	3458510	1.884553	29.948162	6
CATCC	1079975	1.8742827	63.94067	4
ATGGG	2500640	1.8556954	66.59754	3
CATGG	1882975	1.854764	32.886696	5
CTTGC	1037475	1.8473387	25.149263	1
CATCT	1378430	1.8332199	54.730648	4
TTCTG	1328155	1.8122836	17.525158	1
TCCTG	998490	1.7779217	38.367344	1
TCTGC	983505	1.7512392	27.100775	1
GGCTG	1302650	1.7179515	30.655993	1
CCCAG	1001125	1.7080972	33.513676	7
TTCAC	1280585	1.7030926	37.128918	5
TGCAT	1695740	1.6990279	33.468365	3
CTGCA	1294635	1.6927005	9.391713	2
TTGCA	1681080	1.6843394	13.067918	2
CTGCT	943635	1.6802464	7.7611055	1
GGGCT	1273245	1.6791718	17.452406	5
TTCCA	1260360	1.6761947	16.107084	5
AGCTT	1669955	1.6731929	32.28041	2
TTCAA	2216090	1.6584011	5.6736283	5
TCACT	1239875	1.648951	45.323257	6
CTTGG	1228160	1.6475372	5.5045686	6
CATCA	1651960	1.6132185	35.28428	4
CCTGC	688215	1.5991329	16.29132	1
TCCCA	911890	1.5825733	34.175236	6
CGCTG	899840	1.575205	51.95645	1
CAAGG	2176240	1.5740361	15.019332	5
TGGCT	1172555	1.572945	9.426211	1
AGCTG	1585765	1.5620067	19.881477	1
CAGCT	1188940	1.554507	8.585086	1
GGCAT	1563650	1.5402232	32.1367	2
TGCAG	1541065	1.5179764	14.452128	1
GGGAG	2075010	1.513835	17.029602	6
ATCTC	1127830	1.4999386	42.82925	5
GCAGG	1545840	1.4969646	41.46861	2
GGCTC	853975	1.4949164	6.1906996	6
GGGCC	865495	1.4894958	10.465461	8
TCTCA	1116835	1.485316	33.245228	6
CCATG	1118795	1.4627943	23.808348	7
GGCAG	1508090	1.4604081	11.059164	6
CGCTT	817975	1.4564948	42.00456	2
TGTGC	1084490	1.4548086	25.77965	1
GGGAC	1481425	1.4345862	22.114101	6
GCATG	1453460	1.431684	32.69116	4
CATGC	1090400	1.4256687	29.330051	1
CTCAG	1080510	1.4127377	32.707867	7
GGGAT	1885895	1.3995003	21.64773	6
GCAAG	1925865	1.3929443	14.912409	4
CAGCA	1449035	1.3911546	5.9711723	1
GGGTG	1393195	1.3842243	13.56372	6
ATTGC	1378400	1.3810726	23.510029	1
TGCAA	1876575	1.3806099	15.202372	3
GTTGC	1028510	1.3797132	15.935421	1
TCCAT	1037125	1.379307	24.20831	6
CCAAG	1430635	1.3734897	5.3111596	7
ACTGC	1046425	1.3681726	25.52045	1
GGCAA	1885955	1.3640782	12.8674965	6
GGTGC	1021080	1.3466132	23.342619	1
GGAAA	3299200	1.3427305	9.172609	7
TCCAG	1017085	1.3298112	13.476706	1
TTCAG	1319150	1.3217077	9.369386	1
CGTGC	750990	1.3146372	29.943209	1
TCAGG	1325610	1.3057495	34.440235	2
GGAAG	2375065	1.2941803	9.2545805	7
GTGCT	948625	1.27255	7.8667874	1
CACAG	1317310	1.2646914	21.862494	7
GGGTT	1246680	1.2599306	14.919125	6
GATGC	1276915	1.2577842	20.715294	1
ATCCC	716850	1.2440839	42.636074	5
GAGCT	1257005	1.2381725	6.5528946	1
GGGTC	938765	1.2380553	15.265193	6
GGAGG	1684230	1.2287393	5.0857763	7
GTCTG	914920	1.2273358	19.14803	1
TGGCA	1235425	1.2169157	7.361847	1
ACCTG	928710	1.2142633	23.984043	1
TCCAA	1238220	1.2091815	5.4402847	6
AGCAG	1663745	1.2033576	8.197694	1
GGAGC	1238525	1.1993661	5.000757	8
GTGCA	1197965	1.180017	14.163394	2
AAGCT	1603845	1.1799605	8.566702	1
TCACA	1207715	1.1793919	22.27926	6
AGGGC	1216205	1.1777519	22.52341	4
TGGGT	1163500	1.1758665	25.137112	4
GGCAC	912115	1.1724254	14.449459	6
TCATG	1169930	1.1721984	10.75393	1
ATGCA	1588260	1.1684945	15.029425	2
TCGCT	655705	1.1675552	10.607133	1
AACTG	1565070	1.1514335	9.23554	1
ATGCT	1134680	1.13688	8.16721	1
AATGC	1543710	1.1357187	26.95315	1
GATGG	1529580	1.1350832	17.873451	2
TGGGA	1528135	1.1340108	23.523865	4
GGATG	1496270	1.1103642	8.004442	7
ATCAC	1132105	1.105555	28.428207	5
CGCAG	838625	1.0779618	12.371283	1
CAATG	1449530	1.0664297	8.067276	7
AAGCA	1970695	1.0646045	6.077212	1
AGCAT	1438060	1.0579911	23.690485	2
ATCCA	1076615	1.0513664	11.890157	5
AGTGC	1065250	1.0492904	26.048546	1
ACAGG	1446345	1.0461159	24.17998	2
GGTTG	1033650	1.0446364	5.033654	7
TCTCG	585475	1.0425029	8.6259575	5
CCGCA	605075	1.0323656	7.5782886	1
ATCTG	1029625	1.0316213	12.789654	1
AGGCT	1044735	1.0290828	10.159234	1
GGGCG	792695	1.0277611	11.785323	5
GGATT	1357505	1.0246936	5.3147235	7
GACTG	1039325	1.0237536	12.984828	1
AAGGG	1856230	1.0114655	11.264585	6
CGGCT	560165	0.98059064	14.651704	1
ACCAG	1018000	0.977337	9.775966	1
TCAAT	1285075	0.9616802	8.231264	6
CTCGG	549360	0.96167606	15.907177	6
CGCAT	734155	0.95988786	31.57087	2
GGAAC	1324705	0.95813584	5.357043	7
TTCTA	931900	0.94974643	9.270819	5
GGACA	1310960	0.9481943	6.1129637	7
AGGCA	1308640	0.9465164	7.3379397	1
CCGCT	403110	0.9366644	8.953742	1
GGATC	949335	0.9351119	6.325373	7
ACATG	1269380	0.93389213	6.9329934	1
TACTG	929060	0.93086135	18.940105	1
CGGCA	714315	0.91817486	11.660039	1
GCGCT	521590	0.9130636	10.049892	1
ATCAG	1240960	0.9129833	6.732663	1
GGACG	940465	0.9107299	5.441289	7
AATGG	1610710	0.892758	7.357868	2
CGATG	901255	0.88775223	7.778753	1
TCGCA	671785	0.87834084	8.243029	1
AGGGA	1599075	0.87134105	7.2221565	4
TATGC	868450	0.8701338	24.38783	1
TTGGG	850050	0.85908496	5.8291383	7
GGACT	869235	0.85621196	5.2285485	7
GGGTA	1144630	0.8494163	13.382365	6
GTCAG	836505	0.82397234	7.041038	1
TATGG	1087105	0.82058597	15.839166	2
CACGG	630350	0.8102468	19.097422	6
GCGCA	622140	0.7996938	6.993902	1
CTATG	779710	0.7812218	13.861281	7
TCTAT	754090	0.76853126	14.094454	6
CGGGC	434800	0.74828017	10.950382	8
TCACG	566925	0.74123913	8.633099	5
CGGGG	570200	0.7392873	25.791777	8
TACAG	967435	0.71174896	7.859297	1
ACTCG	544315	0.7116772	5.515926	5
TAGCA	944245	0.6946879	6.2923656	1
ACGCT	527965	0.6903	10.751665	1
AGGGT	908485	0.6741759	7.003357	4
TCGGG	498315	0.6571842	13.439791	7
TAGCT	645660	0.64691186	7.6166987	1
ACGCA	673150	0.6462617	7.787128	1
ACGGG	622630	0.6029441	19.693089	7
ACACG	618925	0.59420264	7.9156647	5
ATCTA	732835	0.5484138	6.706154	5
CTAGG	350615	0.34536204	5.341767	6
TAGGG	443325	0.32898626	6.56522	7
>>END_MODULE
