##FastQC	0.10.1
>>Basic Statistics	pass
#Measure	Value	
Filename	Acer-009_S24_L001_R1_001.fastq.gz	
File type	Conventional base calls	
Encoding	Sanger / Illumina 1.9	
Total Sequences	13209851	
Filtered Sequences	0	
Sequence length	101	
%GC	43	
>>END_MODULE
>>Per base sequence quality	pass
#Base	Mean	Median	Lower Quartile	Upper Quartile	10th Percentile	90th Percentile
1	36.28656053728388	37.0	37.0	37.0	37.0	37.0
2	36.35864325797468	37.0	37.0	37.0	37.0	37.0
3	36.32157433115635	37.0	37.0	37.0	37.0	37.0
4	36.33584829987863	37.0	37.0	37.0	37.0	37.0
5	36.49365530315217	37.0	37.0	37.0	37.0	37.0
6	36.53230418723118	37.0	37.0	37.0	37.0	37.0
7	36.553436371083976	37.0	37.0	37.0	37.0	37.0
8	36.54425012061075	37.0	37.0	37.0	37.0	37.0
9	36.55434947752249	37.0	37.0	37.0	37.0	37.0
10-14	36.43267033064945	37.0	37.0	37.0	37.0	37.0
15-19	36.344186501422314	37.0	37.0	37.0	37.0	37.0
20-24	36.32756416404697	37.0	37.0	37.0	37.0	37.0
25-29	36.24528376588047	37.0	37.0	37.0	37.0	37.0
30-34	36.21085320341615	37.0	37.0	37.0	37.0	37.0
35-39	36.183699558761106	37.0	37.0	37.0	37.0	37.0
40-44	36.15389218243264	37.0	37.0	37.0	37.0	37.0
45-49	36.12757783566219	37.0	37.0	37.0	37.0	37.0
50-54	36.110471647257796	37.0	37.0	37.0	37.0	37.0
55-59	36.06815391029013	37.0	37.0	37.0	37.0	37.0
60-64	36.03239891199378	37.0	37.0	37.0	37.0	37.0
65-69	35.99187962074667	37.0	37.0	37.0	37.0	37.0
70-74	35.933115929922295	37.0	37.0	37.0	37.0	37.0
75-79	35.906946384179506	37.0	37.0	37.0	37.0	37.0
80-84	35.859391146804	37.0	37.0	37.0	37.0	37.0
85-89	35.83218366354019	37.0	37.0	37.0	37.0	37.0
90-94	35.76857566372247	37.0	37.0	37.0	37.0	37.0
95-99	35.71180051917315	37.0	37.0	37.0	37.0	37.0
100-101	35.6170517744674	37.0	37.0	37.0	37.0	37.0
>>END_MODULE
>>Per sequence quality scores	pass
#Quality	Count
14	2.0
15	5.0
16	54.0
17	111.0
18	201.0
19	333.0
20	600.0
21	1394.0
22	2730.0
23	5691.0
24	11067.0
25	19889.0
26	32166.0
27	49871.0
28	71654.0
29	102145.0
30	134837.0
31	179203.0
32	226071.0
33	306809.0
34	444463.0
35	960427.0
36	8239870.0
37	2420258.0
>>END_MODULE
>>Per base sequence content	fail
#Base	G	A	T	C
1	21.033397871380412	29.5415450993115	25.795877107804895	23.629179921503194
2	29.906461509566277	26.343024449057456	21.088230326888663	22.6622837144876
3	20.04297865095396	11.772889034879766	27.200757584647057	40.98337472951922
4	27.111520973989233	16.84469559732678	35.771937551391616	20.271845877292364
5	47.46809786120979	12.811681221839672	12.45030697166834	27.269913945282198
6	47.45640204420171	6.2605778066686755	20.169409935055285	26.113610214074328
7	47.71408041256562	13.34657246810064	18.831769623612	20.107577495721745
8	61.137949247118684	11.271860674280127	11.279491343240737	16.31069873536045
9	49.500621063092865	23.2915768582989	8.131354087115984	19.076447991492255
10-14	43.867528831864206	25.22069088069824	17.51873255302547	13.393047734412084
15-19	25.1443047661429	35.467129326921146	23.103961961190063	16.284603945745896
20-24	23.88047794951751	34.27056346678353	25.926519815104598	15.922438768594368
25-29	22.223767708374464	33.38382869100045	27.29975707723311	17.092646523391974
30-34	22.11307797953056	32.5136644412124	26.805028818988546	18.568228760268497
35-39	22.443861541489856	31.84659619576562	26.898302938654833	18.81123932408969
40-44	22.20243954181996	31.9121971579921	27.029773563169872	18.855589737018068
45-49	22.35710757666919	31.932305994807948	26.860577470680497	18.850008957842363
50-54	22.7019803738605	31.922258224859846	26.567717872692782	18.80804352858687
55-59	22.447119158304098	32.11083776634302	26.72778513624471	18.714257939108172
60-64	22.290155446690267	32.37481682162988	26.747630282422097	18.587397449257757
65-69	22.382769426736047	32.197584221923606	26.708734899229427	18.710911452110924
70-74	22.144935790533367	32.176362774964915	27.033346971343413	18.645354463158302
75-79	21.94590003483363	32.57828111664943	27.023137399223433	18.452681449293507
80-84	22.181520574451806	32.609748951372545	26.90041526016456	18.308315214011085
85-89	22.119068759144326	32.51921402063469	26.837573598963342	18.524143621257643
90-94	22.023839633013274	32.715866363670564	26.922750302028387	18.33754370128777
95-99	22.339725103636674	32.51495266676361	26.970219421854193	18.17510280774552
100-101	22.045767208123696	32.57289578815083	27.049915248854813	18.331421754870664
>>END_MODULE
>>Per base GC content	fail
#Base	%GC
1	44.66257779288361
2	52.568745224053885
3	61.026353380473175
4	47.3833668512816
5	74.73801180649198
6	73.57001225827604
7	67.82165790828736
8	77.44864798247913
9	68.57706905458511
10-14	57.26057656627629
15-19	41.428908711888795
20-24	39.802916718111874
25-29	39.31641423176644
30-34	40.68130673979905
35-39	41.25510086557955
40-44	41.05802927883803
45-49	41.207116534511556
50-54	41.510023902447365
55-59	41.16137709741227
60-64	40.87755289594802
65-69	41.093680878846975
70-74	40.790290253691666
75-79	40.398581484127135
80-84	40.48983578846289
85-89	40.64321238040197
90-94	40.361383334301046
95-99	40.5148279113822
100-101	40.37718896299436
>>END_MODULE
>>Per sequence GC content	warn
#GC Content	Count
0	201.0
1	200.0
2	212.5
3	299.0
4	1158.0
5	4758.0
6	12311.0
7	21516.5
8	28204.0
9	30296.5
10	28489.0
11	24168.0
12	19256.0
13	15444.0
14	13106.5
15	11663.5
16	10792.0
17	10334.0
18	10270.0
19	10655.0
20	11338.5
21	12536.0
22	14157.5
23	16579.5
24	20630.0
25	26593.0
26	35200.5
27	48568.5
28	66585.0
29	88787.5
30	118648.5
31	157406.5
32	200630.5
33	245613.0
34	294561.0
35	347479.5
36	399310.5
37	447477.5
38	491352.5
39	533136.0
40	577006.0
41	614835.0
42	634206.5
43	639550.5
44	640742.5
45	635506.0
46	618420.5
47	587366.5
48	540959.5
49	486549.5
50	436498.0
51	397378.0
52	363158.0
53	319077.5
54	267002.0
55	224475.5
56	195066.5
57	173288.5
58	156941.0
59	142367.0
60	126553.0
61	108206.5
62	90687.0
63	76168.5
64	63856.0
65	52073.5
66	42440.5
67	33582.5
68	26931.0
69	25227.5
70	23524.5
71	21294.0
72	17549.5
73	11423.5
74	5611.0
75	2187.0
76	894.0
77	398.5
78	167.5
79	125.0
80	109.0
81	93.0
82	81.0
83	65.0
84	58.0
85	47.5
86	37.0
87	31.5
88	29.5
89	24.0
90	21.5
91	21.5
92	16.0
93	12.0
94	13.5
95	15.5
96	14.0
97	11.5
98	14.5
99	12.0
100	3.0
>>END_MODULE
>>Per base N content	pass
#Base	N-Count
1	0.03964465609793782
2	0.0428543819305759
3	0.0038001942641139553
4	9.841140524597894E-5
5	0.0
6	0.0
7	1.8925270239611333E-4
8	0.0
9	0.0018395362672902213
10-14	2.967482373571057E-4
15-19	7.585248312036222E-4
20-24	3.0280432383378133E-5
25-29	4.224120317481249E-4
30-34	4.05757793937267E-4
35-39	0.0013717035869670294
40-44	6.949359231985281E-4
45-49	0.001489797273262204
50-54	0.002460285131149473
55-59	0.0055170947802514955
60-64	3.709352966963821E-4
65-69	0.005353580445381254
70-74	0.016327209141117488
75-79	0.005888030076947878
80-84	8.932727553096548E-5
85-89	1.377759673443705E-4
90-94	0.0
95-99	0.0
100-101	0.0
>>END_MODULE
>>Sequence Length Distribution	pass
#Length	Count
101	1.3209851E7
>>END_MODULE
>>Sequence Duplication Levels	fail
#Total Duplicate Percentage	75.60121306707339
#Duplication Level	Relative count
1	100.0
2	56.445575140832275
3	48.02107941123024
4	39.598400872251496
5	30.772306014900963
6	22.8638924223151
7	15.813192803925132
8	11.093948755224423
9	7.684899145920407
10++	31.14483009267672
>>END_MODULE
>>Overrepresented sequences	pass
>>END_MODULE
>>Kmer Content	fail
#Sequence	Count	Obs/Exp Overall	Obs/Exp Max	Max Obs/Exp Position
AAAAA	27910360	7.774088	10.87634	95-97
CTGGG	6978530	7.321117	340.59906	3
GGGGG	6539200	5.1738167	150.05424	5
CCTGG	3623835	5.148183	243.69382	5
TGGGG	6534955	5.06272	230.95312	4
GGGGA	5987265	3.8444517	91.405525	5
CAGGG	4416295	3.8400433	138.53647	3
TTTTT	5332940	3.7977593	5.589076	20-24
GCCTG	2667530	3.7896132	243.06201	4
TGCCT	2643680	3.6774719	237.99878	3
GCTTC	2324775	3.2338612	170.47742	3
CCAGG	2445415	2.8794053	126.02502	5
TGCCA	2329060	2.6852567	122.96539	3
GCATC	2263605	2.6097913	144.94221	3
AGGGG	3881190	2.4921308	84.84878	4
GGGCA	2853300	2.4809933	52.44924	5
GCCAG	1995505	2.3496492	125.61001	4
CTGCC	1202365	2.313098	97.48752	2
GGGGC	2158330	2.3124716	33.461987	5
GCTGG	2176790	2.283652	120.181694	2
CTTCC	1196365	2.2535973	77.3653	4
CTCTG	1591330	2.2136078	56.694103	7
TTGCC	1589570	2.2111597	79.95955	2
GGGGT	2842780	2.2023408	53.551014	5
CTTCT	1611655	2.195166	58.154324	4
CTTCA	1913155	2.1597831	44.40922	4
ATGCC	1823310	2.1021593	109.86891	2
TCTCT	1526330	2.0789487	55.72546	6
TTCTC	1512485	2.060091	44.81605	5
TCTGG	2003305	2.0578578	63.442825	2
CCCTG	1065300	2.049414	63.342922	7
GTGCC	1439075	2.044415	107.40582	2
CACTG	1737610	2.0033526	44.60716	7
TGGGC	1879380	1.971642	66.96104	4
GGGAA	3755545	1.9570342	28.728195	6
TTCCC	988190	1.8614572	51.69986	5
TGCTG	1797070	1.8460068	32.718815	1
TTTGC	1819660	1.8302627	15.099001	1
CATCT	1615600	1.8238697	51.369305	4
TCCCT	961735	1.8116237	62.056828	6
CCCAG	1135920	1.8112156	34.83763	7
ACTGG	2126670	1.8106439	59.133816	2
TTCAA	2638600	1.7851754	5.2461734	5
CATCC	1118275	1.7459261	63.863617	4
CATGG	2039285	1.7362444	31.416885	5
GCTGC	1213980	1.7246346	15.531174	1
TGCTT	1704745	1.714678	25.219517	2
TTCAC	1514085	1.7092682	35.530823	5
ATGGG	2714650	1.7067684	59.817677	3
CTGCA	1479775	1.7060856	8.901366	2
CATCA	1808950	1.6925877	37.470123	4
TGCAT	2018570	1.6827968	30.730127	3
TCACT	1476655	1.667013	43.626747	6
TCCCA	1059150	1.6536162	34.194996	6
TTGCA	1964190	1.6374623	11.71186	2
TTCCA	1447980	1.6346416	15.121051	5
GGGAG	2523545	1.6203804	18.052546	6
GGCTT	1570225	1.6129843	36.88023	2
CTTGC	1159355	1.6127123	23.420998	1
TTGCT	1588625	1.5978813	5.047483	1
CAAGG	2246105	1.5849941	15.472672	5
TCTGC	1119320	1.5570219	24.191368	1
AGCTT	1860620	1.5511204	29.690594	2
TTCTG	1529075	1.5379844	14.539036	1
GGAAA	3593175	1.5195793	7.514883	7
CAGCA	1585475	1.5150576	6.672878	1
TCCTG	1076650	1.497666	34.582245	1
GCAGG	1706850	1.4841352	41.72875	2
TGCAA	2145735	1.4826157	15.097965	3
GGAAG	2819580	1.4692979	10.013194	7
GGCAA	2070505	1.4610797	14.232704	6
GCAAG	2058860	1.4528621	15.38001	4
ATCTC	1286320	1.4521416	40.585224	5
CAGCT	1255020	1.4469575	7.953046	1
GGCAG	1663455	1.4464024	11.78093	6
CCAAG	1513450	1.4462316	5.48386	7
AGCTG	1693380	1.4417415	19.274508	1
TCTCA	1275955	1.4404407	31.400595	6
GGCTG	1368370	1.4355454	27.880114	1
CTGCT	1028985	1.431362	6.9603353	1
CACAG	1480705	1.414941	24.23919	7
GGCAT	1660845	1.4140413	31.08332	2
TGCAG	1651355	1.4059615	13.951932	1
GGGCT	1335375	1.4009309	13.702384	5
ACTGC	1208430	1.3932421	25.635311	1
CGCTG	975720	1.3861517	48.133953	1
GGGAC	1593605	1.3856667	22.183758	6
CCATG	1193975	1.3765764	23.333809	7
CTCAG	1185400	1.36669	32.086155	7
CCTGC	702675	1.3517994	15.57963	1
GGGAT	2136435	1.3432302	21.339355	6
AGCAG	1898605	1.339776	9.000426	1
TCCAT	1186750	1.3397359	22.889753	6
TCACA	1427970	1.3361146	23.781305	6
GCATG	1562510	1.3303189	31.25037	4
TCCAA	1413630	1.322697	5.4254065	6
ATTGC	1575050	1.3130527	22.271793	1
TTCAG	1553640	1.295204	8.533704	1
TGGCT	1258180	1.2924421	8.217222	1
AAGCA	2254670	1.2912196	7.1448154	1
CATGC	1110740	1.2806119	29.314686	1
GGGTG	1643115	1.2729439	12.58508	6
GGAGC	1453345	1.2637082	5.253068	8
GGGCC	870890	1.2635547	9.3479	7
TGTGC	1223390	1.2567047	22.505747	1
AATGC	1817450	1.2557839	28.624594	1
AACTG	1817375	1.2557322	9.4812765	1
TCAGG	1466485	1.2485633	32.58527	2
GGAGG	1922460	1.2344208	5.471412	7
CAATG	1784095	1.232737	8.037034	7
AAGCT	1764160	1.2189628	9.053343	1
TCCAG	1052135	1.213044	13.025826	1
ATCAC	1291705	1.208615	30.600636	5
GTTGC	1165710	1.197454	13.699692	1
GGAGA	2291335	1.1940267	5.0802665	7
ATGCA	1721105	1.1892135	15.539577	2
ATCCC	759890	1.1863914	43.00856	5
CGCTT	847550	1.1789782	36.845535	2
CGTGC	827085	1.1749941	27.840134	1
GAGCT	1351550	1.1507078	6.3474216	1
GGGTT	1514600	1.1489315	13.513334	6
GATGC	1348680	1.1482643	20.359686	1
GTGCA	1348455	1.1480728	13.197442	2
ATCCA	1218960	1.1405494	12.375752	5
GGCAC	967165	1.1388088	14.073459	6
AGGGC	1309170	1.1383457	20.901075	4
ACAGG	1603040	1.1312066	25.651127	2
ACCTG	960115	1.1069509	23.88488	1
GGTGC	1053985	1.1057268	21.096579	1
AAGGG	2118245	1.1038285	11.384223	6
TCAAT	1629720	1.1026059	7.894173	6
TGGCA	1290255	1.0985215	7.257385	1
TCATG	1311675	1.0934881	9.596674	1
ACCAG	1120920	1.0711355	10.807308	1
AGCAT	1545950	1.0681885	24.676462	2
GGGTC	1004245	1.0535451	13.482832	6
GTCTG	1021150	1.0489573	16.475328	1
ATCTG	1257595	1.0484039	12.058865	1
GTGCT	1019665	1.047432	6.5559287	1
AGGCA	1476130	1.041651	7.8557653	1
ATGCT	1248375	1.0407175	7.467497	1
GGAAC	1474000	1.0401479	5.9466066	7
AGTGC	1207775	1.028298	25.480188	1
GATGG	1629565	1.0245483	16.085802	2
TGGGA	1618600	1.0176545	20.358644	4
GGATG	1616530	1.0163529	7.8915725	7
CGCAG	861290	1.014144	12.690368	1
GGACA	1434365	1.012179	6.4678245	7
TCGCT	725130	1.0086868	9.451715	1
GGATT	1632305	1.0048864	5.2809997	7
CCGCA	622930	0.99325705	7.86534	1
AGGGA	1882185	0.9808165	6.7179394	4
GACTG	1151030	0.9799854	12.565911	1
ATCAG	1417110	0.9791653	6.9656577	1
AGGCT	1147680	0.9771332	9.950493	1
TGGGT	1272735	0.96545976	19.846972	4
AATGG	1886090	0.96237147	6.8425474	2
TACTG	1140025	0.9503907	17.756094	1
GGAAT	1827655	0.9325552	5.025136	7
ACATG	1332435	0.92065835	7.0719705	1
CGCAT	795085	0.91668195	30.613585	2
GGATC	1076520	0.91654766	6.177123	7
TCTCG	650705	0.9051584	7.3067293	5
TTCTA	1108105	0.9045313	7.970522	5
GGGCG	817030	0.87538	10.292839	5
TCGCA	742245	0.8557608	8.208224	1
GGGTA	1316875	0.8279524	14.064632	6
GGACG	939795	0.81716776	5.395604	7
CGATG	959065	0.8165467	7.0825825	1
CGGCA	685640	0.8073213	11.997128	1
TATGC	955515	0.79657245	22.88036	1
GTCAG	935115	0.79615575	6.5697474	1
CTCGG	555840	0.78965133	14.163384	6
CCGCT	407820	0.7845602	8.256224	1
CGGCT	551950	0.78412503	13.392914	1
GGACT	917040	0.78076667	5.4214997	7
TAGCA	1115965	0.7710864	6.6225734	1
TACAG	1114830	0.7703021	7.990887	1
TATGG	1244365	0.7660611	13.518236	2
GCGCT	534145	0.7588304	9.142596	1
GCGCA	634030	0.746552	6.854685	1
TCACG	639305	0.7370776	8.251202	5
CACGG	623800	0.7345064	18.849695	6
CTATG	876430	0.7306427	12.580771	7
TCTAT	871365	0.71128356	12.320602	6
ACTCG	610090	0.7033946	5.4186077	5
ACGCA	733140	0.7005783	8.465979	1
AGGGT	1100800	0.6921006	5.5968733	4
TAGCT	804230	0.6704526	7.0264473	1
ACGCT	574150	0.66195804	10.599398	1
CGGGG	596545	0.6391485	23.60238	8
ACACG	643250	0.61468065	8.430248	5
CGGGC	407830	0.59171134	9.661717	8
ATCTA	866805	0.58644694	6.480529	5
ACGGG	651325	0.5663381	18.630543	7
TCGGG	525010	0.5507836	11.782975	7
TAGGG	558760	0.35130638	5.599202	7
>>END_MODULE
