##FastQC	0.10.1
>>Basic Statistics	pass
#Measure	Value	
Filename	Acer-139_S64_L001_R1_001.fastq.gz	
File type	Conventional base calls	
Encoding	Sanger / Illumina 1.9	
Total Sequences	16437956	
Filtered Sequences	0	
Sequence length	101	
%GC	44	
>>END_MODULE
>>Per base sequence quality	pass
#Base	Mean	Median	Lower Quartile	Upper Quartile	10th Percentile	90th Percentile
1	36.282545165591145	37.0	37.0	37.0	37.0	37.0
2	36.36651138377545	37.0	37.0	37.0	37.0	37.0
3	36.33739803172609	37.0	37.0	37.0	37.0	37.0
4	36.35598227662855	37.0	37.0	37.0	37.0	37.0
5	36.49718736319771	37.0	37.0	37.0	37.0	37.0
6	36.53933627757612	37.0	37.0	37.0	37.0	37.0
7	36.56610621174555	37.0	37.0	37.0	37.0	37.0
8	36.5549683306124	37.0	37.0	37.0	37.0	37.0
9	36.565666071864406	37.0	37.0	37.0	37.0	37.0
10-14	36.44529933040336	37.0	37.0	37.0	37.0	37.0
15-19	36.356473627256335	37.0	37.0	37.0	37.0	37.0
20-24	36.34129523159692	37.0	37.0	37.0	37.0	37.0
25-29	36.260565595868485	37.0	37.0	37.0	37.0	37.0
30-34	36.23298758069434	37.0	37.0	37.0	37.0	37.0
35-39	36.20974233049413	37.0	37.0	37.0	37.0	37.0
40-44	36.18066216991942	37.0	37.0	37.0	37.0	37.0
45-49	36.159421670188195	37.0	37.0	37.0	37.0	37.0
50-54	36.141489014814255	37.0	37.0	37.0	37.0	37.0
55-59	36.10336012579666	37.0	37.0	37.0	37.0	37.0
60-64	36.069303190737344	37.0	37.0	37.0	37.0	37.0
65-69	36.02903386528106	37.0	37.0	37.0	37.0	37.0
70-74	35.97500280448494	37.0	37.0	37.0	37.0	37.0
75-79	35.94981944227129	37.0	37.0	37.0	37.0	37.0
80-84	35.90766403073472	37.0	37.0	37.0	37.0	37.0
85-89	35.87829788569819	37.0	37.0	37.0	37.0	37.0
90-94	35.81864939898853	37.0	37.0	37.0	37.0	37.0
95-99	35.765161897257784	37.0	37.0	37.0	37.0	37.0
100-101	35.669078442599556	37.0	37.0	37.0	37.0	37.0
>>END_MODULE
>>Per sequence quality scores	pass
#Quality	Count
14	1.0
15	11.0
16	42.0
17	96.0
18	185.0
19	321.0
20	668.0
21	1349.0
22	2844.0
23	6145.0
24	11648.0
25	22199.0
26	36520.0
27	57217.0
28	82554.0
29	120193.0
30	160980.0
31	215476.0
32	274727.0
33	374768.0
34	541278.0
35	1165848.0
36	1.0268861E7
37	3094025.0
>>END_MODULE
>>Per base sequence content	fail
#Base	G	A	T	C
1	20.920877253510483	29.65580148616501	26.002672075978346	23.42064918434616
2	29.85087734673637	26.30971491282525	21.321200586407173	22.51820715403121
3	19.98005877362857	12.248571906925857	26.62759659369931	41.14377272574627
4	26.530694682334076	17.28794566474094	35.96647877821711	20.214880874707877
5	47.80563958195289	12.968437194989448	12.543682438376159	26.6822407846815
6	47.80564566543431	6.3744969265035145	20.10929461059514	25.710562797467034
7	48.06851182701267	13.418959733411542	18.454991966441497	20.057536473134284
8	60.13421985885714	11.280168366442176	11.667096059090074	16.91851571561061
9	49.48297993753369	23.067857590435622	8.245674870997453	19.20348760103324
10-14	43.719671921157044	24.59062173285565	17.831142494190743	13.858563851796566
15-19	25.185475860248275	34.06271770254381	23.563419783266834	17.18838665394108
20-24	24.109019807114176	32.87147735018384	25.994159710548864	17.025343132153125
25-29	22.66068095048852	32.04678688592127	27.186192932009355	18.106339231580854
30-34	22.585703262055663	31.364012335304007	26.719561687847527	19.330722714792802
35-39	22.7889613473264	30.91017373842734	26.785887884428334	19.514977029817935
40-44	22.542122281640623	30.94368754659975	26.924635426907255	19.589554744852368
45-49	22.592125753248904	30.967497745065387	26.912280184331077	19.528096317354628
50-54	22.93378000373753	30.907787732289627	26.69771168089091	19.460720583081937
55-59	22.60104637950758	31.161280098656846	26.781163212313498	19.45651030952208
60-64	22.453223642098276	31.410221671895034	26.794564609173264	19.341990076833422
65-69	22.67684829565941	31.157993622211322	26.811502690272555	19.353655391856712
70-74	22.428397121306514	31.214632016725318	27.046887388696582	19.31008347327158
75-79	22.311693337715145	31.599481867674374	27.015256509193392	19.073568285417092
80-84	22.57286838647698	31.556158182939733	26.910938731354527	18.96003469922876
85-89	22.458260935753582	31.46427327268078	26.909121866309434	19.168343925256202
90-94	22.323032133678907	31.67515961230216	27.046046357588498	18.95576189643043
95-99	22.67623663185374	31.563974255679966	26.95760348792757	18.80218562453872
100-101	22.357588133220457	31.793311163504757	26.98262788877157	18.866472814503215
>>END_MODULE
>>Per base GC content	fail
#Base	%GC
1	44.34152643785664
2	52.369084500767585
3	61.12383149937484
4	46.74557555704195
5	74.4878803666344
6	73.51620846290135
7	68.12604830014696
8	77.05273557446775
9	68.68646753856692
10-14	57.57823577295361
15-19	42.373862514189355
20-24	41.1343629392673
25-29	40.76702018206937
30-34	41.916425976848465
35-39	42.30393837714433
40-44	42.131677026492994
45-49	42.12022207060353
50-54	42.39450058681947
55-59	42.05755668902966
60-64	41.7952137189317
65-69	42.030503687516116
70-74	41.73848059457809
75-79	41.38526162313224
80-84	41.53290308570574
85-89	41.62660486100979
90-94	41.27879403010934
95-99	41.47842225639246
100-101	41.22406094772367
>>END_MODULE
>>Per sequence GC content	warn
#GC Content	Count
0	164.0
1	185.0
2	195.0
3	259.0
4	1122.0
5	4604.5
6	11743.0
7	20109.5
8	26111.0
9	28364.5
10	27096.0
11	23445.5
12	18993.0
13	15286.5
14	13029.5
15	11656.5
16	10940.0
17	10717.5
18	10664.0
19	10837.5
20	11546.0
21	12793.0
22	14897.5
23	18130.5
24	22773.0
25	29597.5
26	39620.5
27	54351.5
28	74433.0
29	100318.5
30	136068.0
31	182771.5
32	234409.0
33	288122.0
34	344149.5
35	404237.5
36	466818.0
37	527482.5
38	584906.5
39	639493.5
40	693031.0
41	739316.5
42	768123.0
43	779449.0
44	778933.0
45	771331.5
46	750619.0
47	712374.5
48	658542.0
49	594587.5
50	534893.5
51	483263.0
52	437788.0
53	391834.5
54	345078.0
55	306354.0
56	277671.0
57	258465.0
58	245514.5
59	229424.0
60	205482.5
61	178382.5
62	154353.0
63	135055.5
64	117843.0
65	98067.0
66	77045.0
67	58489.0
68	46761.0
69	42849.5
70	38601.5
71	32716.0
72	25790.0
73	16935.5
74	9096.5
75	5098.0
76	3172.5
77	1683.0
78	642.0
79	200.5
80	117.5
81	88.5
82	67.5
83	65.0
84	61.5
85	56.5
86	46.5
87	32.5
88	25.0
89	20.5
90	14.5
91	14.5
92	17.5
93	19.0
94	22.0
95	20.5
96	13.5
97	15.5
98	15.0
99	5.5
100	1.0
>>END_MODULE
>>Per base N content	pass
#Base	N-Count
1	0.0397677180788171
2	0.042900711012975094
3	0.003966429889458276
4	6.691829568104452E-5
5	0.0
6	0.0
7	2.129218498942326E-4
8	6.083481425549503E-6
9	0.001800710501962653
10-14	3.2607460440945335E-4
15-19	6.24165194261379E-4
20-24	2.190053313197821E-5
25-29	4.1246004065225627E-4
30-34	3.8690941866494836E-4
35-39	0.0012823978845058351
40-44	6.083481425549502E-4
45-49	0.0013919005501657263
50-54	0.0022034369723340297
55-59	0.005234227418542793
60-64	3.528419226818712E-4
65-69	0.005160008945151088
70-74	0.015885186698394862
75-79	0.005593152822650212
80-84	6.935168825126434E-5
85-89	1.3140319879186924E-4
90-94	0.0
95-99	0.0
100-101	0.0
>>END_MODULE
>>Sequence Length Distribution	pass
#Length	Count
101	1.6437956E7
>>END_MODULE
>>Sequence Duplication Levels	fail
#Total Duplicate Percentage	74.65698107651052
#Duplication Level	Relative count
1	100.0
2	57.82875856119161
3	47.31764001619804
4	37.9069317041393
5	28.816662851911193
6	20.377836857580505
7	14.507808511012906
8	10.0040495096572
9	6.868320509886085
10++	28.503266017571352
>>END_MODULE
>>Overrepresented sequences	pass
>>END_MODULE
>>Kmer Content	fail
#Sequence	Count	Obs/Exp Overall	Obs/Exp Max	Max Obs/Exp Position
AAAAA	28627190	7.4600325	10.739281	95-97
CTGGG	8660830	6.850144	317.6769	3
GGGGG	8075205	4.902081	143.43805	5
TGGGG	7973555	4.7744823	218.07231	4
CCTGG	4528375	4.730951	214.94212	5
CAGGG	5466355	3.7011585	136.29973	3
GGGGA	7104865	3.6419148	86.56389	5
TTTTT	6164655	3.4943984	4.360603	95-97
GCCTG	3309310	3.4573514	214.3966	4
TGCCT	3233975	3.3326528	211.50139	3
GCTTC	3030395	3.122861	156.01031	3
CCAGG	3108470	2.7800488	117.64806	5
GCATC	2977710	2.6268508	138.7001	3
TGCCA	2976805	2.6260529	115.5186	3
GGGCA	3614580	2.447359	53.110054	5
AGGGG	4742715	2.4310896	84.35302	4
GGGGC	2841055	2.2780983	32.875645	5
GCCAG	2546840	2.2777572	117.21277	4
GCTGG	2860740	2.2626562	112.64224	2
CTGCC	1568310	2.1642323	84.1017	2
CTTCC	1585935	2.1587613	68.14426	4
GGGGT	3587355	2.148071	51.081264	5
CTTCA	2464110	2.1441762	42.623314	4
CTTCT	2099385	2.133992	53.974842	4
CTCTG	2068170	2.1312757	52.277363	7
TTGCC	2020700	2.0823572	72.01666	2
TCTGG	2644620	2.063245	60.39085	2
ATGCC	2308115	2.0361536	102.22089	2
GGGAA	4555645	1.9718363	28.264914	6
TTCTC	1938155	1.9701046	41.601692	5
GTGCC	1882090	1.9662848	95.15054	2
TGGGC	2476685	1.958894	67.18211	4
CCCTG	1414090	1.9514121	55.113895	7
TCTCT	1918765	1.9503946	51.657402	6
CACTG	2132435	1.8811736	41.96049	7
TGCTG	2376795	1.8542968	30.755293	1
TTCAA	3254280	1.8102412	5.51898	5
ACTGG	2688410	1.7954887	57.32878	2
CATCT	2029610	1.7660908	49.89052	4
CATGG	2638135	1.761912	30.347458	5
TTTGC	2285490	1.7587906	14.50008	1
CATCC	1505355	1.7541143	59.09221	4
CATCA	2342800	1.7451603	37.293327	4
TTCCC	1279835	1.7421006	45.50713	5
GCTGC	1657095	1.7312248	13.816208	1
ATGGG	3419280	1.7288448	61.52833	3
TCCCT	1237310	1.684216	54.422382	6
TGCTT	2164670	1.6658142	23.87798	2
TTCAC	1904890	1.6575639	33.871143	5
CAAGG	2889675	1.6520981	15.943231	5
CCCAG	1388000	1.6396875	31.71842	7
TTCCA	1870705	1.6278175	14.206274	5
GGCTT	2083830	1.625735	34.307354	2
TTGCA	2457605	1.618999	11.762263	2
TGCAT	2430555	1.6011794	29.902216	3
CTGCA	1812460	1.5989007	8.334359	2
AGCTT	2424930	1.5974737	29.120235	2
TCACT	1829660	1.5921017	41.36227	6
GGAAA	4280660	1.5645113	7.8541613	7
CTTGC	1516755	1.5630355	21.05242	1
CAGCA	2044660	1.5440943	6.631615	1
GGGAG	2969835	1.5223213	17.467356	6
GCAAG	2641090	1.5099759	15.827397	4
GGCAA	2640420	1.509593	15.236692	6
CCAAG	1994240	1.5060179	5.4391212	7
TTCTG	1938665	1.4918928	14.063435	1
TCCTG	1446055	1.4901782	31.271265	1
GGCAT	2221180	1.4834433	30.320871	2
TCTGC	1439330	1.483248	21.641142	1
TGCAA	2624995	1.4803442	15.634438	3
TCCCA	1270000	1.4798669	31.375921	6
CAGCT	1674150	1.4768875	7.6362796	1
GCAGG	2178475	1.4750015	41.045994	2
AGCTG	2185035	1.4593034	18.965971	1
GGGCT	1819715	1.4392742	14.776978	5
GGCTG	1811280	1.4326026	25.607788	1
TGCAG	2143150	1.43133	13.766675	1
GGAAG	3296575	1.4268686	9.650164	7
CTGCT	1375950	1.4179342	6.1413107	1
TCTCA	1624520	1.4135965	30.462648	6
GGCAG	2081925	1.4096293	11.365127	6
CCATG	1586035	1.399155	22.174538	7
CACAG	1852195	1.3987478	24.186161	7
ATCTC	1588810	1.3825231	39.243233	5
GCATG	2047255	1.3672851	30.154661	4
CTCAG	1526330	1.3464849	30.897608	7
CGCTG	1287545	1.3451431	44.56622	1
AAGCA	2780410	1.3422788	7.47395	1
TCCAA	1796385	1.3381338	5.416739	6
CCTGC	969675	1.3381295	13.618588	1
GGGAC	1950375	1.3205595	20.40377	6
AGCAG	2304885	1.3177594	9.372647	1
TGGCT	1688580	1.3173741	7.5655637	1
TCACA	1767980	1.3169746	23.911465	6
GGGAT	2602615	1.3159254	20.090706	6
TCCAT	1508250	1.3124228	21.888292	6
ATTGC	1984145	1.3070973	21.528965	1
CATGC	1477525	1.3034306	26.941074	1
GGGCC	1218890	1.2909911	8.863784	7
ACTGC	1457030	1.2853504	23.527143	1
TTCAG	1946030	1.2819883	8.539962	1
AAGCT	2237290	1.2617012	9.003359	1
AATGC	2205960	1.2440329	29.024141	1
TCAGG	1858445	1.2411859	32.090443	2
TCCAG	1400115	1.2351416	12.54073	1
AACTG	2187770	1.2337748	9.879826	1
ATGCA	2185555	1.2325256	15.702322	2
GGGTG	2057775	1.2321744	12.188613	6
ATCAC	1609915	1.1992316	30.449844	5
GGAGA	2770330	1.1990919	5.348187	7
GGAGC	1756150	1.1890535	5.1530595	8
TGTGC	1519260	1.1852763	20.495447	1
CAATG	2098520	1.183443	8.364669	7
CGCTT	1143995	1.1789016	33.860874	2
GATGC	1752060	1.1701355	19.318338	1
GTTGC	1497110	1.1679956	12.68526	1
CGTGC	1117000	1.1669688	25.083267	1
GGTGC	1467350	1.1605768	19.149794	1
TGGCA	1737260	1.160251	7.055793	1
ACAGG	2029125	1.1601006	26.520987	2
ATCCC	995315	1.1597904	39.267242	5
AGGGC	1708785	1.1569837	21.996727	4
GAGCT	1730265	1.1555794	6.176656	1
AGCAT	2040035	1.1504608	25.125961	2
ACCTG	1293225	1.1408464	22.438692	1
GGGTT	1930660	1.1403219	13.371561	6
ATCCA	1517835	1.1306409	12.537364	5
GGCAC	1255490	1.1228429	13.898219	6
GTGCA	1668855	1.1145658	12.861387	2
TCATG	1683250	1.1088765	9.458292	1
AAGGG	2546225	1.1020919	12.031639	6
CGCAG	1217565	1.0889249	12.051807	1
GATGG	2138970	1.0814987	16.503786	2
AACAG	2234655	1.0788084	5.060193	1
ATGCT	1631425	1.0747356	7.357516	1
GGAAC	1867615	1.0677613	5.9200497	7
TCAAT	1914630	1.0650411	8.282904	6
ACCAG	1397945	1.0557055	10.829342	1
TGGGA	2083535	1.0534699	19.960926	4
CCGCA	886090	1.0467656	7.268317	1
ATCTG	1583895	1.0434242	12.0847435	1
GGGTC	1318595	1.0429214	13.049527	6
GGATG	2049085	1.0360513	7.346304	7
GTGCT	1325270	1.0339317	6.190592	1
GTCTG	1323375	1.0324533	15.709366	1
GGACA	1802120	1.0303164	6.141037	7
AGGCA	1768910	1.0113293	7.844996	1
ATCAG	1788065	1.0083644	7.266848	1
TGGGT	1689180	0.9976945	21.01134	4
ACATG	1764885	0.99529225	7.248234	1
AGTGC	1485230	0.9919297	24.29169	1
TCGCT	953445	0.9825373	8.594733	1
AATGG	2296590	0.98050946	7.304803	2
AGGCT	1454120	0.9711525	9.574886	1
GACTG	1447940	0.9670251	12.039519	1
AGGGA	2191665	0.9486262	7.0342307	4
CGCAT	1033385	0.9116229	29.421932	2
GGATC	1364065	0.91100806	5.893637	7
TACTG	1381830	0.9103097	17.533335	1
CGGCA	1011315	0.90446585	11.56996	1
GGGCG	1119955	0.8980353	10.907088	5
TTCTA	1366175	0.88774496	7.8736353	5
TCGCA	993960	0.8768433	7.852943	1
CGATG	1295340	0.8651092	7.2405677	1
GGACG	1255320	0.8499518	5.02041	7
TCTCG	810365	0.83509153	7.1811504	5
GGGTA	1637895	0.82814693	13.161261	6
CGGCT	771655	0.80617476	12.099702	1
TATGC	1223710	0.8061448	21.947521	1
GTCAG	1187965	0.7933975	6.5264306	1
CTCGG	747855	0.78131014	13.870635	6
CACGG	873250	0.780988	18.916553	6
TACAG	1381780	0.7792434	8.486293	1
TATGG	1560990	0.7785182	14.661735	2
CCGCT	563515	0.7776379	7.2875385	1
TAGCA	1355325	0.76432425	6.691478	1
GCGCA	853550	0.7633693	6.6707525	1
GCGCT	722015	0.7543141	8.428869	1
TCACG	832525	0.73442984	8.317792	5
CTATG	1105350	0.7281726	12.431286	7
TCTAT	1109385	0.720882	12.25229	6
ACTCG	790180	0.69707435	5.546764	5
ACGCA	918420	0.693576	8.355865	1
CGGGG	846680	0.67890984	23.05418	8
AGGGT	1316720	0.6657554	6.4682665	4
TAGCT	976400	0.6432241	7.0470357	1
ACGCT	725600	0.64010364	10.097496	1
CGGGC	601900	0.6375042	9.712336	8
ACACG	827720	0.6250808	8.831165	5
ACGGG	902225	0.61087835	19.29356	7
ATCTA	1059330	0.5892679	6.818468	5
TCGGG	691650	0.5470494	11.82973	7
TAGGG	647465	0.32736906	5.966497	7
>>END_MODULE
